<<<<<<< HEAD
6419
6170
9215
4545
2466
1326
473
5147
8548
3201
5092
2612
3116
6923
8654
1521
7737
7763
639
1439
1265
1946
4018
2664
9992
423
988
8720
6848
8297
175
9097
2713
4911
2354
8287
8864
9238
3996
9365
982
99
8087
5785
1384
4263
4457
7172
1464
5177
94
2123
1937
6100
1710
3081
8090
1598
6875
4399
2239
3956
5497
7085
5235
9652
9607
8173
48
7037
5133
5651
7441
7884
4202
368
1123
4557
1551
7893
877
4540
3433
3970
8556
5431
1979
2057
4840
7993
90
4293
5788
9383
7171
130
9045
3453
7360
2062
3620
6242
2748
90
2524
507
3563
3923
7200
108
6646
8584
2738
474
7439
1461
581
3051
4540
200
6670
5942
7852
5035
69
9150
1110
5218
1395
2066
5195
8647
7364
1039
3332
4726
1216
2745
2498
4700
3058
8513
1471
3516
6539
4615
2316
5509
3609
2412
1588
8512
5974
1036
762
2658
7150
8911
541
3685
3518
1456
5422
2018
2118
6109
8897
4146
7330
9765
5920
4483
6023
1907
8936
9906
8780
5128
8905
9595
2767
2859
8044
4293
9575
6830
8167
8294
6649
2846
2201
3147
1715
922
9505
1753
4226
7951
5825
4487
2961
4053
9181
7814
1623
7668
3960
9827
7289
2356
9021
4152
3245
7158
8077
7874
9765
4964
8635
2864
9925
6453
2183
1195
6640
4888
5500
1987
1853
1486
2025
4361
54
1533
1832
7873
1268
7202
356
2156
2760
2994
5839
4006
8262
3435
136
9006
2474
4857
2577
788
7852
9456
242
1467
5458
337
9626
3776
8933
1464
7298
2140
7981
8145
7894
7349
525
5118
7783
5717
5078
454
1511
6753
7645
191
9755
2828
958
4410
3375
6050
8073
2106
7614
734
4144
3324
9901
3447
1533
4043
3551
2053
829
2968
4500
8733
5908
449
6884
4703
4266
8388
7815
357
8422
2849
1894
7555
2966
3248
4259
1297
451
4727
9961
6994
8683
9258
7423
2687
8240
276
4177
2990
8059
8816
603
2029
6445
6040
8732
656
4170
9218
3060
1689
7740
5869
1221
2699
3201
6933
1029
810
2381
8190
559
1626
9048
5776
1170
1269
7754
5104
2345
4685
8771
2614
4257
1222
8355
1315
4749
1457
3893
5104
2905
5768
4683
2583
9658
9626
2085
8729
8689
4856
9516
1935
606
3173
328
3894
9181
6508
7469
742
9287
1548
6332
7084
3912
9224
3821
4299
5439
5062
1649
7427
3998
1852
6255
9397
315
8806
8500
1602
6913
3930
2131
9194
8626
5090
9169
4817
749
8346
3830
9237
5810
6750
2476
3615
9472
3622
992
4663
2441
219
1620
6471
6306
9161
2538
8908
5847
5065
1093
3970
725
9433
8183
1371
937
558
3216
3378
2266
2935
6590
9688
4278
674
2558
2763
7851
2215
3511
2369
9613
655
1204
6016
8393
948
3162
8457
3221
5101
8718
4434
1847
6113
7479
5287
3401
2203
6225
4498
8466
983
2072
106
2492
8466
869
2760
5074
1436
7993
8102
3874
1279
807
3067
2272
8000
1498
4629
4434
6192
2304
5265
4192
9190
5636
7937
3873
2864
9043
3268
2381
803
661
3828
8021
95
3414
1537
5976
1179
9843
6156
3790
5452
8672
9672
399
9197
864
1707
1154
1766
1136
6319
8446
2179
8378
578
44
7254
5145
5900
9593
9565
4954
5988
5741
7456
9505
3194
310
7690
6822
7736
2297
5812
81
821
787
9827
5525
1959
3579
2241
1843
7631
100
8885
3669
3089
2395
2403
5774
1782
5030
1548
1745
6044
8680
8137
2021
6838
2214
1466
7007
3216
1195
5190
7913
9875
8725
2725
6938
5120
1058
5906
2723
2256
4526
1422
6441
5311
7736
4076
8015
1857
3142
8611
1311
5280
5837
8115
8279
1645
785
6115
176
7050
5217
6839
2089
8128
5431
6343
8186
7517
8784
6146
7730
6178
2157
6641
1453
4256
883
7210
9943
4830
4019
1747
1215
8253
4080
7842
1714
4495
6652
243
4299
1714
6662
9213
8774
3064
5714
2691
7477
2145
941
5813
2682
7787
1543
9697
8702
3533
9920
2688
2898
9992
3225
8974
2353
6300
5821
3439
8841
4440
4319
6015
2008
1471
517
5027
8330
2082
9467
2795
9741
5308
1743
8026
5430
8087
4921
9065
3686
1190
1592
4044
8777
2789
7921
206
721
9434
9510
4227
9132
2125
3350
9721
3382
8117
9944
2377
5086
7565
9292
9232
96
1602
8331
8375
357
7427
9858
8756
3183
1695
8977
5535
572
2441
7764
8522
6487
6336
711
4362
5835
6533
6421
5218
2045
1874
57
5213
1479
945
7853
1839
4931
1887
5740
9778
3353
1430
1855
1628
9582
7126
405
8431
6233
395
675
7238
8995
8987
6616
2142
2240
3599
3860
2030
9693
3487
2677
7717
5718
8250
8205
1880
1205
5512
1180
2716
5909
2560
1102
5023
2800
7260
3266
8080
1233
5098
7038
449
4084
3237
5382
5259
9178
7007
8827
5157
2468
5787
8146
8451
3478
2371
3508
413
8658
8307
2415
4311
4700
3249
2647
2416
921
9098
6539
2254
3348
1325
4968
4835
1518
512
8293
5048
3612
2281
5235
1489
6986
6126
5954
1810
8164
4219
3048
922
5545
6355
79
9949
2249
5113
850
6124
9604
5970
1493
1473
825
6541
3002
308
4394
1620
6943
6032
2780
262
5718
9159
7898
2290
9311
6131
5199
5866
8139
3687
7249
1677
7221
2151
8625
4416
577
5920
4001
7773
499
1848
4023
3591
5082
9417
9432
9785
4228
8028
581
2393
6869
7334
2845
9516
8421
637
6519
27
8953
1989
738
5988
5642
6527
5845
6675
2796
3187
2502
1821
4700
5320
1793
7039
8381
7402
6046
1654
925
9426
9997
2042
6932
583
2286
9781
3098
1629
3888
1114
1659
5325
8645
848
3732
266
40
3706
2731
2216
507
8438
7183
9946
3558
9259
12
4544
1048
744
5431
4403
5234
7003
4755
8688
383
3828
5333
3231
4413
1459
4890
1924
6740
9563
582
3572
3736
7052
4242
530
4527
6563
6861
104
2742
2509
4533
9335
5813
3388
5819
2839
6629
8175
347
1222
2727
660
5374
6391
1668
6950
9626
8988
7096
4482
988
5693
7899
1910
1420
401
1145
5999
4128
9246
3542
57
134
9604
8532
479
8471
7680
5795
4392
8351
2967
6050
3454
3914
534
348
2180
2729
1200
2874
321
1733
6485
2217
7528
2032
9446
5407
2189
7733
7717
159
6799
244
722
4902
2537
6784
5849
3534
6394
1144
2257
340
2951
7675
1707
689
8853
7253
5005
4789
4152
4651
2628
2064
788
6139
2393
6324
608
3824
2453
2714
4701
289
4042
6490
7062
12
496
9284
9978
6419
5507
6329
154
4913
6009
2768
7889
8967
1118
987
1117
5004
3114
4607
5654
3699
3936
9341
8453
5441
8572
6762
4425
5311
4960
7914
2212
9514
304
3928
4635
5129
3944
9790
2324
3262
2272
192
1576
5917
5998
4434
5430
814
1408
1630
8619
964
5686
9139
1005
1634
7296
2506
8940
1921
4683
2557
8245
945
1270
8932
1694
3994
8004
5408
9330
2967
2237
7612
8516
6142
1337
7194
1022
7435
7175
5596
8342
7848
4827
5520
8015
4970
3706
2615
5483
8013
854
6125
2264
1932
4938
9818
1909
9016
8625
125
6716
1846
171
3293
1633
7405
2767
3935
8303
2453
7586
3010
2542
6327
4777
2580
4647
4053
4742
886
8450
4337
8198
878
7390
3026
180
6101
7805
6100
9680
3717
9658
1207
6932
5484
1771
3796
5203
4803
8498
111
8768
5054
5773
1726
1180
7947
1645
8210
2125
1024
3535
431
4722
2365
5780
1962
2854
2626
1051
9290
1378
8077
4654
2364
525
9044
1819
6389
3025
8144
6302
3804
6479
1068
139
9453
5141
7610
710
3453
981
1560
2255
2744
6270
563
8404
2295
9529
477
5991
8805
4076
5034
2856
246
2650
9242
3571
4392
9462
9028
9875
2094
757
2809
460
988
2926
7551
9048
9350
5696
5330
9941
2169
9240
4578
34
5708
8467
2303
7947
139
832
2718
1750
1005
7712
7553
1739
1607
3435
626
5316
7147
7124
766
8047
5798
8859
5567
6462
9285
1617
1544
1786
4321
1727
2792
9648
6117
920
3293
6632
284
8424
3779
8832
7721
7993
7476
8622
429
6412
5213
9460
8248
9533
208
2112
3418
4001
6443
2496
3973
7270
9048
2086
9667
6694
2266
596
4803
7044
1229
99
4995
8401
6466
5410
164
1062
8977
413
6031
6346
3376
3938
4431
7573
688
2097
9642
1511
5722
8940
6890
4128
7391
4113
8108
1024
8290
5257
4434
7641
5591
1306
9983
4132
8033
730
4338
6317
5641
6155
7801
3694
5907
2716
9069
2605
859
6556
5417
2117
4782
1219
9619
9209
362
9134
6674
5419
8905
6189
3116
1788
5355
1732
1403
6031
4422
7642
6843
2302
3768
6955
6836
1394
8586
67
9794
9301
2890
8529
313
1973
2552
9070
751
3026
1919
3150
7990
1647
6202
2904
7977
6669
2649
6013
3110
1375
1136
9630
2006
9791
7948
348
1879
1360
3220
9359
664
5963
113
1235
8901
7590
1059
8667
2241
4647
3722
2046
3765
9480
2488
1915
4109
2310
2482
639
8053
8843
602
2067
9382
7940
2768
9589
1147
9584
8442
3913
1878
4393
6
9813
9208
996
4401
9171
9680
104
985
9162
6261
7090
196
9008
40
2641
5867
4382
9401
1351
1814
4987
1751
8299
322
8305
7602
6407
2423
2333
44
2499
2461
2631
8932
1507
8816
8444
3936
6071
8880
5421
5945
3936
6281
7083
3183
595
1240
3254
3295
3123
6981
2617
895
6488
526
4356
753
6725
1948
1707
9694
3936
4834
1024
2334
5246
467
7293
8013
1038
2765
2482
5934
3732
4635
6409
731
8823
2212
7467
434
1112
8961
1569
3157
4382
5379
4872
7462
3643
7950
7776
1310
8343
7334
7092
9923
9379
534
1995
5418
8072
8067
8927
6292
7968
1902
527
7510
9990
3916
8123
3386
2578
1256
7927
3391
88
3148
3145
3129
5863
5921
1106
949
9161
4462
9878
5173
3285
2392
1216
2245
2009
7433
9422
8565
3951
1818
5142
9006
6995
4084
323
1976
5794
838
981
785
530
4999
3376
9857
4328
6191
6609
4039
153
2263
3545
8126
883
7008
9152
125
7467
9399
6643
1600
2178
8606
1196
6045
229
7922
528
1605
5220
4672
4251
128
6403
444
7311
3591
2781
847
7963
8246
5530
4664
8944
7184
1267
9330
6171
9901
644
2114
839
796
2921
9386
8890
1751
5883
1481
5275
733
3754
8952
6084
6420
7554
308
5231
89
2532
4850
3921
3235
572
3934
9871
7545
9679
5565
8447
2290
7517
1619
7341
8593
6654
8858
5572
8229
1714
2553
2780
5576
8
2584
2763
8861
4353
248
534
2483
8073
6890
4054
9729
4419
4999
6343
8513
5239
4711
6628
5801
3629
448
6360
6254
2223
183
4375
9406
2537
5008
4653
1851
8063
1285
9064
2458
1969
2638
351
3323
1705
5532
3967
3042
2091
8259
8907
4994
1856
5334
840
1964
2318
104
2153
9908
2898
6241
2180
1458
2000
1635
9060
9924
4243
2650
7229
9518
1071
9509
8294
7075
5964
3289
7568
7747
1523
7753
6853
1544
2401
1282
7476
889
9081
7667
8590
7753
9278
6026
8709
992
8949
3310
7431
5944
1267
895
3085
6845
961
9495
3266
4108
2816
2486
1028
1853
422
9145
1884
8246
9435
2465
6996
9926
3709
4806
2006
8711
3258
2565
6874
2708
4824
6620
7447
4265
6835
9226
4246
2118
1208
4754
957
1743
4291
7843
8568
6389
2770
6917
9387
1593
9164
5177
8107
5006
3234
8087
2436
6521
3510
7635
1566
3646
5898
7103
9224
4277
3878
2604
8814
735
4609
9733
864
8050
2124
5556
5728
1315
6579
4401
6375
4953
101
9654
9013
546
4548
5340
4303
8291
9401
643
7109
4684
7413
7101
3750
8226
4766
4476
9912
1353
5868
7505
9343
167
5610
5930
1347
5563
1254
3272
1407
4265
1788
744
203
4558
8533
4183
7366
8852
5735
1251
5235
2881
6103
9241
7376
5125
1658
4946
8686
6181
765
4864
421
6200
6313
559
69
3400
1341
1865
29
4834
9441
1014
6153
54
4348
5067
5919
2530
3932
9347
3295
326
4263
8770
1852
8917
6085
5345
2219
7737
6367
1085
9293
5389
132
7508
1001
222
9314
6050
6201
2139
8824
1718
2020
9451
1099
492
2133
8909
5980
2610
7223
723
6004
1296
8975
2349
8117
7015
984
1895
3326
6046
7005
8006
8939
2168
961
5060
6273
7891
268
627
201
1876
9434
3906
3434
7879
41
6011
2042
5038
8359
532
1795
2265
1189
3564
7262
9061
4942
7285
10
8198
2063
8457
8490
3974
7190
938
5852
8277
4295
2676
3353
49
3022
5982
5582
7323
339
9037
620
2864
4543
2390
7561
5084
3557
2307
8436
4534
7985
7567
1183
2148
6175
3886
9049
6437
7921
654
7115
9836
1112
6836
9867
288
2477
8841
5382
6385
2006
2502
2765
2728
4046
2212
9592
2453
2736
8571
6469
7716
2126
3333
1981
8273
2673
114
148
7398
8782
7441
6725
6798
7966
4022
167
1315
6778
5105
8611
7223
9581
6357
8968
6020
6444
5963
8028
198
7533
3099
6682
1742
8958
7488
1375
2169
766
919
823
6657
9653
3637
970
4139
3296
6741
6035
2121
7369
6598
5547
2524
4829
2587
3775
2601
426
8114
9633
5682
6115
5749
7656
7359
7236
5107
3159
4794
4186
6100
495
7086
3700
3523
1956
730
6011
8235
1087
7014
1908
4832
9021
6001
7566
5693
957
7708
6985
6610
4771
1218
1163
4579
6025
7759
3063
8007
180
6906
7163
7975
3284
2694
2140
6255
5324
6781
3225
7507
8453
4887
7783
3707
2621
7828
4332
4232
9380
1567
6197
1062
6302
2685
5750
7061
8953
681
8891
3004
565
2161
1657
3632
824
7302
7844
7439
3686
2072
9234
2400
1186
4514
3322
2545
6821
9863
8134
5192
7313
6564
8496
9940
3306
4743
2422
2061
6139
4474
1927
878
6183
426
455
1728
1117
9415
6108
9497
5419
2170
7311
8284
1369
2638
3255
2416
1352
68
8900
8109
5285
782
1896
5917
1642
7074
3714
1707
8418
2656
5054
2535
7162
2596
2024
1885
7000
92
4346
873
2092
2933
9979
5713
8860
9373
3453
70
267
2425
1763
9222
7414
9328
8072
4508
6861
802
1093
1735
1744
9308
67
9381
4015
8448
8336
4653
979
1937
4697
6198
151
5289
6230
3313
870
9578
2054
829
1558
3112
9846
3843
584
9224
7640
3482
1173
5473
9327
2119
859
7237
6657
9236
2038
4792
2870
4894
2405
6322
4034
8087
9741
2607
6432
9342
4826
9460
5430
1800
9412
2535
5819
1385
420
8900
1093
56
1922
3585
2442
4707
1002
233
602
7479
2545
3101
7192
4222
4459
500
16
5293
6629
7262
5068
9570
1168
185
3071
4063
3396
5895
6177
5657
9972
6097
1224
7830
6081
3788
5638
3103
423
6298
738
3598
5915
5646
6227
1190
1600
5697
1524
4183
6826
9418
9903
1090
2569
1794
9167
1039
3385
3414
5939
1932
6445
1683
386
1590
8739
6573
9330
678
5286
1749
5003
7433
4194
7764
500
2420
3627
7748
2479
4669
5862
3901
4152
2018
7083
9137
9022
1951
1335
5883
398
428
416
3413
3586
1647
8322
4637
8924
2020
9508
9241
7782
2082
9369
1853
1011
3851
26
3083
8142
168
6499
4321
9789
6120
3355
8463
8276
347
4161
4585
8341
8521
4538
5165
4486
1786
1393
2297
5202
8983
835
5996
3805
6460
4770
6807
6496
5326
8051
4944
111
3975
8305
5029
3459
7291
1676
2619
181
3187
2749
1736
9575
1585
5980
9262
6717
7959
5910
4192
5599
8441
1954
1150
3801
3185
1440
6950
2774
4077
4439
8551
5989
5419
778
1414
7249
1370
8148
4230
4333
6412
8965
442
9358
4456
858
8015
4766
5346
3304
5915
4486
6196
8784
7076
1053
9839
3919
9972
2449
1064
8925
4033
787
6168
2511
6192
2609
1037
3146
6205
6918
3660
2233
8760
8047
1919
1680
2480
5055
8067
6570
3985
857
4257
5342
2606
2114
1430
445
3591
7405
7014
105
4222
8051
1662
9777
2200
6749
7996
7827
1206
1615
544
3322
4359
6577
1634
4837
9812
3343
7428
2741
7190
6307
3239
1873
2444
3357
4787
1946
7486
1240
1685
3736
6993
4292
457
3053
1140
1456
4506
6318
1234
249
532
736
225
7943
4509
2414
6542
4079
6232
1312
2435
9275
1843
2108
2168
8618
40
3891
2968
7316
2685
2654
2689
2726
9322
4857
751
515
8013
9193
3777
9220
8615
7519
1434
3537
458
405
1464
4755
6747
3692
7307
2060
5086
1574
2700
8504
7943
4639
1763
70
7866
2304
9239
9442
3731
953
5162
6016
2129
2987
1504
7669
511
6520
8481
6518
2702
8784
660
9376
7787
4890
2337
476
4926
718
8233
1319
831
5402
1730
2153
8349
5700
4272
1309
7772
3797
6533
5738
758
2489
732
3234
4950
5341
7297
7317
5201
8850
8262
1023
3744
8991
7899
5985
206
6417
2912
8949
4520
3967
4354
2104
5647
7418
9426
2907
9757
532
280
4214
5268
769
6714
1810
2158
2969
3677
3372
617
1682
4706
5358
5647
4210
6328
415
9836
7757
8315
6263
2401
9269
2146
8018
8770
8294
9556
775
1644
1284
2175
1447
8033
2720
433
7328
8691
5118
4902
8478
2195
9857
295
2481
3505
773
3150
3967
8024
8780
1957
6239
383
3651
560
8533
9962
6676
6032
4716
6646
8173
6250
8610
1583
5043
3416
490
1517
5663
4703
4786
7123
4747
4285
6415
2600
3023
9564
5621
4257
1867
8064
5778
395
2007
7627
6019
2385
4770
5335
1431
7539
1129
7940
1479
1227
4672
8280
3334
1444
256
4571
4924
3424
7250
5201
3462
6360
7419
5934
2321
1683
1067
7050
1970
7520
1875
9358
5044
3084
3973
2706
6581
2596
7419
7670
1128
56
9567
1847
1972
8430
2135
2670
9245
1092
689
2558
6890
4954
1346
4105
52
1763
5338
4998
3334
9333
535
6132
4642
6066
3918
4189
1549
5155
3504
1328
1251
156
6673
4283
1716
3319
2516
4724
869
3822
9752
4226
391
5605
6669
2559
8257
1595
5460
2061
4058
1482
2138
1605
8325
8133
4841
7577
2529
2236
4716
9256
6616
4779
4938
1845
450
838
5690
5607
9495
1855
9012
1224
1305
6771
3999
9980
7507
3827
925
7001
3364
7538
3988
6731
4653
2522
884
7162
8282
9922
495
468
4207
2018
2766
649
8627
4382
3856
8426
4018
3428
1818
7318
8920
4581
8540
198
7526
8998
9488
5908
1315
1745
108
4592
3197
413
1182
8675
2457
4462
6619
7301
7713
2726
3416
4876
9164
8454
826
1723
247
5627
478
1977
1252
4855
5566
4538
6761
1736
446
9720
2685
1035
2610
4994
6042
6408
6640
7584
905
695
8076
3095
3505
8452
1102
668
6555
1906
2297
9982
7831
3061
4654
1225
2956
4672
2876
6382
4333
7091
4624
9159
845
3637
7405
8099
889
273
1953
9187
2633
8623
3105
8458
1356
8047
5816
1437
178
8310
8136
436
9863
779
1788
3836
6234
9819
6662
7789
9459
8326
1331
7390
5597
1853
4749
3681
5188
1439
72
888
9497
3583
1722
6330
7732
3830
3853
5424
2451
5185
8130
471
395
274
6017
7359
2439
1550
721
4856
7126
5830
3240
8943
3618
975
269
2913
6990
2093
3899
2592
6431
5711
9864
3684
3723
8543
710
891
7926
398
4988
6984
9904
6090
853
1792
8503
800
4792
6583
1330
331
299
7119
9851
434
8013
826
5052
1453
2188
6515
1528
4000
1413
222
3342
4466
7952
2631
4069
600
8815
1581
2148
7493
2182
7796
6778
5628
3474
8145
7871
7240
6791
6024
4781
8822
5033
7060
3346
5766
7022
9550
1722
6810
6391
4967
4318
5067
9519
1862
6981
9186
3325
8513
4450
451
1953
9586
2672
8292
1531
7136
607
9689
2600
9021
203
7626
7359
8366
1678
1381
974
907
6923
2882
933
7635
8937
1852
9263
5764
703
5653
9539
6248
286
1212
499
5376
7800
4617
8899
6344
9334
4895
7477
3940
5846
5506
9335
4772
4547
7781
3326
1526
801
1788
4423
6515
2484
34
2108
4090
4577
4192
9832
8883
5898
9516
2440
3003
8424
1790
1654
6933
3603
2664
4704
9315
196
3086
7790
1721
347
2356
6321
9569
4622
1575
6324
1584
124
9897
551
8769
9287
3610
2165
5007
8176
4167
5955
6300
9652
2851
1469
7055
8604
1349
1228
40
9082
6671
3106
5827
8020
6797
9050
3576
5764
520
315
8332
9427
6437
5729
2831
3192
2403
1449
4155
8997
4272
2342
1636
3868
7138
3191
6836
5689
3260
118
5447
4845
2413
782
3916
9763
7751
4794
2762
1720
8347
8294
7790
6435
4319
4389
159
9596
2302
1802
3252
3466
6458
6327
4088
2647
4181
8581
1912
8774
5183
3787
2060
1725
8176
6977
6396
6668
2172
1434
3693
9137
4269
452
1079
7507
2128
6261
865
9519
4498
5631
6685
1321
1624
2219
2196
568
4412
1383
7052
4797
7484
7177
4591
8985
5989
4908
8271
1256
6180
1437
3124
7260
2570
9182
7157
6276
5545
6706
832
2508
246
5816
5215
7140
1739
8082
475
3530
6180
810
1218
8407
2450
7859
9881
8813
6921
9240
5019
4749
7180
3249
529
3629
9094
3473
323
5547
148
8983
2499
5043
1772
1516
68
2940
8160
6040
3473
195
752
4639
1636
7295
2330
2460
7964
8272
2720
4406
1395
6160
2586
3125
393
9442
4561
4903
7430
6334
5981
8895
1853
6474
2407
7433
7367
2893
138
8851
177
4811
74
4180
8353
1179
3420
6584
3158
4737
132
4971
6334
5375
7299
8004
8695
8522
1508
618
9759
2488
6331
4665
2579
6775
9651
9214
7618
2642
4503
4625
7921
298
6033
9121
2142
9719
827
963
2942
3838
3006
1959
314
9837
5877
8677
431
8906
2583
91
6445
881
3148
7048
8513
9235
7866
6341
354
8011
1492
8497
9081
9475
7619
6492
7059
1823
1593
8822
3115
2043
483
9941
9403
5533
3795
5194
6403
4758
4810
7733
1050
8681
7716
1594
6359
2468
6400
9075
2803
364
9744
6418
3854
7369
1047
4926
9907
1087
442
4607
2758
880
7080
2667
8017
9559
5530
9998
6053
1256
2218
8633
2307
3409
8208
8807
2203
9680
6148
6834
1915
27
9218
6930
7513
1265
5299
9071
1909
6450
3076
8536
9104
6999
5044
5494
877
5545
2609
5432
4111
1403
7148
4287
8230
8466
9390
3396
3742
7065
4005
8662
8064
1721
3265
5368
702
2403
4746
6191
4914
2657
4269
8211
4067
2863
7088
7884
4829
9156
9792
6081
1910
2527
8725
5065
7885
1712
7542
1498
2304
6027
4665
601
3185
9205
2787
566
6432
6460
9901
8195
6637
5608
6520
506
5077
4175
6113
6726
5675
2232
6808
2011
2910
6557
9426
434
345
579
4735
6330
8347
9730
1554
2697
6265
284
6782
3649
5638
175
8793
461
7998
11
8955
2996
450
1400
7258
5786
8676
9728
8668
7790
4152
4336
5202
7534
3062
5667
8650
4786
6112
8082
7763
3297
3242
6740
1623
8818
6076
3944
5510
6870
4272
3732
839
8149
5871
257
9764
4185
1857
4539
5256
1816
4421
4082
3740
2749
2300
341
6134
8443
4884
3954
595
4348
8286
3413
9608
9353
9374
7261
4097
4617
9403
469
2599
8348
9056
9057
987
7461
6883
2834
185
7876
7671
4027
799
7970
5959
9354
9985
1658
1042
6280
7529
3196
2269
5016
6336
7724
5638
6125
5309
6395
636
7884
2513
6916
2562
9433
656
9708
3973
947
1006
4527
9942
6136
3065
28
4770
7997
7559
2276
7348
5493
591
7980
9329
4415
3791
2784
6849
9219
4899
1029
8090
5560
6227
3439
4564
43
6845
6461
8911
8444
1770
6021
3815
3621
3342
1686
8411
3060
5073
8510
1865
2590
366
767
857
6760
8456
2166
9667
5911
6342
136
8760
9389
4382
4424
549
4434
2550
5381
304
2219
2632
6835
3117
921
4480
1062
8538
9230
6850
2154
6978
1286
7782
303
9025
9750
6779
9305
8283
8957
6880
4981
4147
5194
4992
1439
9308
5203
4047
5752
4488
1684
7181
7548
406
3243
2866
3735
1829
3088
3543
3716
6071
9908
9668
1672
4032
3417
4362
8592
4973
7277
8651
1667
3387
6742
9068
8907
1006
935
4059
1793
9707
1968
7463
3449
7033
7871
6904
1948
7967
6795
6418
5597
484
9693
2650
8351
934
1033
7782
7618
5993
7976
1710
3649
2422
1642
516
6781
7368
875
2124
5978
9872
5409
8250
5874
3338
5941
1188
206
6149
5102
1805
3990
1707
6992
8511
6700
3887
4542
4931
3136
8430
4299
7546
695
5966
9723
552
500
526
2090
8087
9332
1968
3046
7308
3959
8706
7627
235
7716
837
9194
3713
9561
2818
885
4285
3647
5202
3456
8343
1247
1965
1402
6088
2740
1000
6629
4949
3333
7946
7227
8505
4820
8148
9355
4138
9527
1973
6302
2339
1705
7096
595
2220
9628
7604
1375
2253
5662
6007
3664
7200
911
7511
5104
1033
1028
8047
3346
5907
5230
646
1571
8093
8862
6906
5193
1070
1776
3016
1017
3281
9364
504
3544
925
8960
2504
4137
9647
6896
8218
9813
9817
6206
5209
2908
6947
3671
9056
2647
1169
455
9875
3172
7932
4691
1528
9945
1786
2927
2658
2737
7185
2384
1126
651
7187
5686
3592
2515
721
238
2473
4318
6383
3695
48
5817
1834
2861
9285
2198
5708
4019
776
7229
8327
8863
7387
9818
1799
8397
5685
2410
2473
469
2668
4835
9719
4612
7151
6292
8127
2379
4575
7271
3803
7436
224
9669
2226
2281
5557
6281
975
7587
9397
2143
2122
5248
7464
4067
2669
8886
459
6621
7390
2158
7690
1117
8509
9371
6961
1430
593
899
7704
1420
3565
8032
1017
3938
6217
7503
6882
5380
1052
9577
6013
5668
3487
6770
8659
6426
5575
8595
1450
3281
1035
238
2367
2547
7396
6379
3682
4003
6971
2615
2483
8791
3443
1696
846
9641
5424
2269
6423
2536
7624
2195
6145
4682
69
571
7760
2717
8737
8840
3572
8804
762
79
7728
8692
229
5857
5663
1630
5709
4844
7292
4631
9283
6822
4382
9816
572
2382
7163
2427
5698
161
2229
1280
9169
3986
4371
2559
3856
8632
7775
3519
1030
3182
33
1024
8997
6278
2407
3371
7131
4352
709
4305
1896
1622
8500
422
8673
5588
5476
856
877
5396
7079
2849
7047
9192
733
1556
8849
9340
8644
9896
4782
7014
895
3318
7066
9575
1046
4039
9525
4132
1474
8018
191
8799
368
8894
1086
1843
5565
3266
287
3286
6097
3527
1318
9383
428
6843
8156
7114
4347
6093
2780
6798
2816
646
2531
7452
5736
2108
7285
7470
3373
4853
1521
26
17
9804
6919
2595
4668
6487
4988
7610
6814
8449
8976
3148
6334
7876
2068
2293
9073
2122
6351
2856
8244
2516
956
1618
5402
3320
2614
780
368
235
5023
2025
7677
1042
2751
6384
5598
8647
4069
6607
4548
1199
2722
1137
6599
9467
3895
4750
6889
9227
9346
6731
6655
8415
6994
7136
8841
1115
1464
9961
7388
9427
2568
1807
207
7292
5407
4141
9570
1557
8060
8224
7355
5083
966
8919
5042
8964
9407
9489
2569
7995
9178
3134
4755
304
1964
1702
3322
5315
3193
7333
9203
9004
3891
8601
2742
2651
143
7762
1704
3801
5733
2095
1820
856
2404
8850
2409
5181
2716
9006
2750
1642
5167
1016
3999
5855
6974
3412
3308
4819
557
451
8118
4562
1661
1085
3786
2658
1613
6607
5081
2509
9702
9997
2027
9174
6919
4424
1026
8958
575
3306
8235
3166
338
9011
7504
928
3004
4305
7381
1849
1726
755
2068
8977
837
3417
6164
5417
2796
1322
1741
9629
3376
8596
9969
7754
2800
6342
5501
9149
823
6756
9595
6632
7518
6621
1242
1159
6661
5975
8595
6397
8802
1307
7227
1223
2114
3772
8629
2317
3158
2104
7011
5597
2979
4747
7513
4672
1596
2185
5339
9587
8339
2234
5623
1678
2929
7611
1249
3832
4568
5712
7798
711
4971
4693
959
2056
8725
1718
4067
8357
767
6154
4664
1015
5678
8989
8877
6244
9145
924
3681
7252
2632
1886
7328
3853
294
9935
9396
4281
8737
584
4148
914
2194
6943
1007
7010
7682
4141
8886
6280
6950
5794
1070
8349
1313
8802
3822
3746
6868
1605
2377
4647
1077
1436
5921
184
1299
2597
1242
1666
1726
1936
7737
6573
2344
1782
966
1984
2285
5998
9453
4173
3003
1230
9431
2518
3971
9037
3427
553
2153
7956
2721
8209
771
8851
810
1410
7987
7659
7594
6415
8589
8281
7748
2678
6749
287
3971
9744
4690
1695
2034
2186
1431
8186
9879
1987
2012
5770
5642
1485
8703
7309
2459
537
7389
7598
9
9855
9580
3691
6713
1370
5262
1270
8570
3787
8621
6300
1998
2360
2451
8380
6256
8873
4628
8541
1226
3406
6017
771
336
3605
9865
1809
3656
2409
3545
9499
1960
1054
8901
885
3293
3365
6865
4408
4664
8571
8653
2645
2305
4525
1499
4584
6591
6386
366
606
2269
7219
6600
6752
4236
9954
3948
5391
8383
2960
4359
9053
3474
263
692
7724
185
10
8490
3949
6678
2145
9681
1129
9944
5911
7156
978
7263
6062
3876
293
2169
9696
7010
9231
5960
9306
1681
1639
5445
9107
161
782
3697
2328
7112
7184
7191
5799
7379
9940
4675
513
3712
5222
8072
6994
2232
3056
3968
663
5995
9470
33
8579
2282
1416
5122
8291
7950
8067
9442
2941
377
3348
6432
2683
599
2316
4595
3476
7234
3715
8870
1055
1920
343
8315
2615
1590
2923
3772
44
4601
7169
117
8886
3006
6225
5106
9572
4736
1408
4366
3046
6904
4026
2592
7389
697
1777
8092
789
3965
3641
4428
3158
7305
7241
1635
2481
8608
7122
7077
3709
7726
6186
1446
6322
4249
8821
1500
2945
4693
5823
8440
151
5618
7422
2244
9562
2328
1533
5215
1575
1111
6663
4513
6950
915
2472
1821
2696
5692
1623
1277
3861
3656
3064
247
2984
2147
1457
5730
5121
1399
998
4256
8052
8937
9200
2845
1599
1680
5420
332
6039
7649
7282
5501
4764
8722
837
3074
652
3438
9084
1004
2301
9553
8263
6098
4141
8989
7537
9458
3502
2994
3910
2872
5177
6554
1978
8139
8133
1387
2569
1493
8181
3013
9672
8781
6054
2958
1102
9506
6604
6460
6302
4476
7458
7565
4962
2215
1145
3059
711
8285
3608
4753
7885
168
10000
272
2256
6456
1611
8321
4622
6418
321
1079
7252
8270
478
6744
1827
8334
2367
3981
1535
1014
2885
3345
7494
2374
767
8736
8532
721
4370
8232
1582
4967
3399
2094
1157
1763
5440
3100
1861
9070
3865
5438
7161
888
7034
1478
4028
8301
1519
8338
4938
2191
4110
5422
7923
2439
7956
6852
2532
5097
403
3306
7636
7826
5834
2448
3953
9084
9119
3703
9420
5275
2876
6645
9699
4712
2425
7012
4486
136
1559
3994
9124
7928
8042
8188
7855
5683
2549
4427
7842
5437
287
2860
3638
9661
4200
4762
8554
690
7681
7349
1877
9938
8403
295
7558
5495
9624
9584
5047
9091
2814
4771
4662
3750
6442
3905
6167
4026
914
1315
2527
6009
7337
3175
3618
1719
9006
5661
7348
2593
46
4977
3087
9255
2600
720
7367
8505
8406
3221
4259
2102
7109
2139
239
8394
4538
3550
1056
337
1041
8649
2289
1008
2701
9186
7946
6064
5342
489
773
6441
9888
1910
9616
4267
9674
8602
3204
7338
944
2492
8049
9114
8686
234
9297
7447
2958
5712
8213
7203
9432
7384
3143
6527
855
4374
4006
3718
5855
993
4244
2653
1579
824
656
3754
8674
6729
8063
3438
6059
474
1759
1246
9042
7679
2623
4215
190
7811
1891
1846
8814
260
5780
8982
2719
1892
7939
3482
4127
8129
7290
5094
2976
4913
3703
1426
6327
3923
7924
1493
4337
5464
2558
2079
7395
771
7702
1487
341
8718
2580
6717
907
6277
5052
7057
9131
9808
7778
66
1949
3031
2906
3853
7544
6895
5810
1091
9128
1483
1766
9643
2711
725
6243
6140
2390
6273
701
1789
3789
4878
195
8042
3652
8676
7676
3659
896
6175
2639
1057
3464
7854
4479
2707
8090
4072
4605
2180
6419
4128
5961
5021
4172
1679
724
5447
5815
357
1230
9170
2457
5015
1604
5235
3434
175
4595
5506
1586
3249
1147
4341
5555
4490
9204
744
9155
311
5444
7888
1995
7118
8815
7663
4466
9705
9544
5546
1674
5529
7988
1392
7145
7713
3000
6444
8794
3787
2703
2762
4974
1896
861
1051
4252
5854
9654
4519
6146
5863
3481
448
9331
7529
3737
5071
2357
1351
6150
1131
7949
3383
5335
2308
4521
7878
6570
4509
7925
1022
7583
1713
2784
478
3961
238
2556
7593
1110
8669
1588
3141
9808
9427
6608
252
2753
6621
4984
2298
4470
1405
8386
7742
529
50
1436
5857
1364
282
7833
8057
4891
3812
3122
7840
4714
3198
8247
7140
4058
2450
9440
6114
5474
1450
7090
7355
8559
7030
5033
1161
1741
1096
6672
2579
4385
7862
5230
3153
2925
4138
1493
4568
2065
4093
4869
1988
6011
1991
7630
9261
5852
7833
4460
6001
7480
9716
4052
2057
5973
7857
2846
9848
3683
2911
5011
2321
796
7944
8629
1661
2617
6597
5023
4120
1649
2767
5695
7257
541
978
1983
136
4053
7228
5226
8992
2566
7601
6712
4814
6653
2299
1737
2121
8872
1274
343
5169
5792
5235
137
5866
5961
7377
2887
5008
2771
4741
3636
6812
3478
8481
3516
5848
7203
8867
1391
445
3216
5494
8957
1513
301
1531
7657
8995
9192
3894
4123
5262
7581
7981
8120
8627
4052
1661
5991
1649
3432
4746
54
200
2666
4844
2026
3921
7011
6280
1391
1966
3027
3628
1983
4295
2036
9306
239
273
5127
9535
1029
5995
4693
349
9469
9058
3316
2271
1297
3625
2448
5799
1111
3845
3209
3047
5905
5497
2958
6144
1690
2636
1740
4155
5361
3783
4152
2629
354
8071
6945
4102
5389
5536
5593
9678
5062
3011
8863
560
8523
4909
2589
6987
1345
1981
5392
332
4043
3982
7280
5751
355
5845
2303
8612
9218
2198
7089
2283
1207
6481
510
2108
7458
7520
8959
5877
4885
7570
8965
2363
8025
4460
5488
7003
2998
2632
6668
9374
2060
1191
9913
9147
5282
9398
4456
66
4773
265
4770
5448
2299
8543
7339
2813
1392
3305
3151
4685
1079
2023
6325
8930
8221
1006
835
8756
767
8674
9155
7582
6467
796
9430
5167
2102
8752
1684
9746
4908
2618
8440
7345
6331
4507
4053
4308
444
3836
9372
1986
47
365
8094
1921
1135
1489
8548
4196
8141
1987
6387
7151
595
6542
2636
236
9463
6323
2644
1826
4124
151
1778
4520
8716
1031
4850
437
5334
9128
5607
981
798
722
5069
8225
9924
2519
6006
6886
7516
7488
8616
2321
6049
885
2696
8078
6701
4699
2536
5292
4097
8565
1807
4475
5844
2127
5027
2682
9410
3774
7705
6012
8613
9920
806
9850
3136
9615
5866
9629
6664
4218
895
2656
1598
8231
8143
2660
7174
4563
6783
1420
5699
238
7185
2931
2506
4058
8787
1067
9197
3591
6984
7279
1678
3083
4604
2084
5289
4901
9445
8872
1180
6002
1976
9791
51
8356
8353
6834
608
3559
7214
7121
2828
573
8145
7503
7418
7202
696
3840
1076
4062
2207
6017
7824
92
882
4615
2865
7547
3249
5550
8667
1468
2406
4320
3985
6755
2265
5330
2801
9226
4906
5735
8218
3939
1115
9039
8599
2407
7198
4082
3120
5944
7477
2213
6909
842
9467
4525
5521
3917
5297
4628
2545
3935
4405
4866
1346
2831
3755
5127
7015
9726
2985
6015
8582
9651
6527
1241
7788
3606
779
2163
410
4729
9916
5034
2577
8480
6160
1334
1174
9970
7915
8513
8234
9184
1474
115
320
4884
7377
6008
1003
4815
6536
7606
2978
5118
216
9855
643
1822
1622
7446
2932
1368
6369
9398
9908
4751
7132
7374
3651
4523
4073
1145
9427
894
2806
6312
8452
7529
4905
6040
447
2098
4500
9863
5010
2833
6784
30
4101
8397
7980
2762
2248
4325
1339
7289
9570
591
1387
391
1308
3549
1219
2093
2906
679
3811
1976
9987
4027
3020
5073
5002
3924
1786
1487
5727
8048
9880
3416
8993
627
5807
3650
5706
7772
9997
3478
1256
8913
3798
195
1806
4348
9092
1848
5208
1990
9645
4258
6927
582
2569
7247
1131
9979
7198
9590
965
8292
1572
8057
5026
104
5999
9564
3916
2573
5776
7962
8571
2567
9138
4644
4325
1230
1605
6445
422
1423
354
8919
223
537
7336
8419
4036
6169
4182
5759
1619
1939
3929
8325
1224
822
9005
7403
4762
9679
3235
9794
7843
2544
6484
8808
8933
2024
6089
8588
2148
2114
3171
7944
8229
726
849
8349
3658
6599
8960
2576
2061
7026
4809
7745
2805
4294
1590
5950
7408
2591
8528
3359
2874
4941
3549
846
7925
8342
1226
8747
1280
1677
2039
1271
1414
8544
3172
9474
7320
1702
9241
3133
8958
915
1211
7929
4534
6087
5613
3657
7921
9877
6588
458
4309
1872
3001
465
250
5744
358
5506
4968
5571
1363
4207
2661
7949
7692
5734
9913
8200
9381
7924
2566
896
6132
4003
8241
1322
9298
3437
8928
5287
7464
3600
8089
5223
2712
8257
54
5701
652
1402
4780
7900
1971
4824
2025
651
2038
3980
1117
8261
1750
7451
943
1494
7078
1908
8892
1958
1134
1659
8323
2975
2338
4090
7134
9874
2655
9110
2070
156
1619
2623
5373
2498
3944
6040
380
5034
1046
9618
1036
1710
6513
8409
3610
5012
3655
9393
6277
7484
206
8537
3804
4432
75
7795
9121
4340
5617
1412
1518
4406
1037
6589
7369
2440
6240
434
9405
1747
8397
2447
6376
5704
1530
605
4261
1913
8909
8502
6115
1668
5889
2941
8113
4457
3078
6565
6579
8905
886
341
8413
1895
1163
4166
5432
9462
5199
9863
8660
2063
2721
6804
5422
3760
8499
3599
2887
6433
4780
830
9396
1673
9620
5376
8959
766
4049
72
4858
7701
3557
1970
260
8089
6681
228
3523
6500
9324
1505
5844
5385
9416
4804
9354
3124
8444
808
2707
3600
2504
204
684
5407
8912
3365
9800
6877
10000
4897
8899
3553
6576
190
7666
4819
4374
9271
6573
2681
4734
7693
3908
9363
252
9844
1247
1738
4112
7545
2661
2040
547
4587
2393
8785
6748
6567
8707
2465
7073
4534
8916
3433
1796
5318
6341
9853
6883
2323
4966
9966
3569
4591
6044
4768
9713
8196
5526
6855
4676
4125
8176
4411
6746
2072
3884
593
7825
2850
1141
7682
344
7845
528
4203
3648
1702
928
2818
1948
2747
9684
8223
7951
2108
8748
2712
6611
951
7984
1486
8887
2561
6973
6816
3333
6605
547
8844
2185
4101
1782
2916
2663
9824
7021
1338
2394
6294
1177
4399
3338
916
2685
977
1782
7760
7959
3282
9934
6261
7001
1275
7497
8211
1417
8094
4552
262
4675
8531
7313
6480
611
3067
6427
6439
5048
1253
9210
2754
1105
2287
5251
8487
7312
1768
1301
5113
2492
6676
890
2435
6711
2774
60
6393
4353
965
6623
5614
7555
5607
2394
4823
2145
3363
720
50
5883
1514
7847
6937
506
4299
2655
8233
6982
1354
5569
5847
616
1451
1516
4269
2261
7145
1862
6184
8732
9648
573
3410
8254
7925
5868
4345
3232
9684
9278
2670
704
4757
7859
8300
6508
270
2192
6077
8786
8801
2209
2801
2537
2124
7566
7816
2718
5112
8758
7192
4340
6369
3272
2665
5519
1313
4914
1773
9565
3713
8114
5010
2191
2029
3572
1619
6171
6111
1920
5554
7495
337
3846
9965
2536
302
2059
3012
5379
2102
6807
9435
9068
8788
569
8249
2745
1711
2071
9478
837
1448
6985
7797
1738
5967
2189
196
1284
8736
4012
6031
6169
4299
8236
9254
6188
2734
3692
1833
3200
3100
7254
4859
5162
1527
2367
234
8629
8801
4027
4912
3562
7388
1793
47
7721
5020
1806
3839
2319
9991
5229
4230
5016
2258
2067
224
3777
3105
2020
3125
4167
4180
2102
1591
2112
716
1417
9063
6652
7937
3159
6376
1600
951
5655
8872
5887
2393
9688
7323
7811
1152
4494
9147
5139
9440
9888
6990
4291
3710
9079
7523
1541
9956
2787
6127
5307
5106
7161
1648
2547
7874
7698
9408
9782
3537
1130
1557
9527
7810
7542
2418
947
8191
234
661
7006
5426
2015
1154
758
8040
6186
4714
7431
3107
1004
8
9401
1420
6537
4444
4896
3319
7100
9827
85
3227
3576
6236
82
7014
4915
331
2232
4353
4899
4704
8418
1058
5394
8443
5195
202
6033
8146
9374
3912
4344
9004
9290
9928
6806
250
119
1327
5647
587
5151
9441
8178
3222
4534
7436
464
5277
4402
4190
5044
4619
7630
321
2199
6040
5626
7377
2753
7959
7925
8050
3157
9618
9617
6983
5578
3098
2101
826
9587
7631
802
2672
1229
1494
2356
8533
4352
897
2370
611
8636
5392
7545
4791
1510
3668
4488
1474
6189
3613
9317
9529
2669
1708
3308
7519
5321
1193
4915
9861
299
6524
1543
2129
8242
414
1812
1655
2350
3549
9776
578
454
9439
2026
8698
1660
4526
8788
5016
9512
8616
581
1717
8761
1083
3057
2444
1272
5013
9502
357
9435
2056
4460
6768
206
2959
1061
7927
6422
6070
3069
9077
3891
9811
8074
9980
8654
3266
7413
1382
5123
3029
2022
4218
6764
9221
8632
1934
340
1588
2716
2720
6088
8999
432
9810
633
6287
6258
4692
5606
1950
9343
1300
3894
4941
6080
7058
7461
3216
3754
7349
2547
2899
2506
1987
5763
473
2538
1744
2289
8035
3187
6946
4529
9154
706
221
4599
7252
6662
4534
4048
9890
8912
2811
355
8497
4704
3106
4554
9419
2576
2522
2396
8866
984
9481
4773
1530
118
923
2981
5525
7721
8400
2777
3845
8810
2179
8556
8293
6615
8372
9356
4892
5633
2461
8213
7661
4608
5645
3340
3903
1378
5700
5268
8548
2211
4824
2753
864
6679
6716
5990
3270
2524
8708
2674
6719
2065
6815
9053
2298
2883
991
772
1379
3138
6828
7581
8985
6392
4874
7657
4140
3680
724
2773
3977
1460
8816
8170
2157
1015
1091
5719
1203
9260
5757
3297
1461
8619
8294
8033
4324
1672
5967
1580
3924
5137
6834
2488
660
597
371
3489
5655
5910
6687
7582
2869
196
8147
6005
5645
7430
9001
1447
6804
5991
9248
7103
1054
8943
6466
4084
5466
3740
7016
2375
9961
9588
4869
8629
935
6918
831
4022
788
4313
2170
6657
9498
2485
79
5906
9263
2278
7099
1688
1057
1874
1137
1062
5331
1670
761
9415
534
4792
1857
9326
2484
7128
5000
4791
4672
5604
152
2798
3329
8844
9792
1384
3365
9422
7035
7695
905
8178
299
7614
6917
4018
7423
2627
4296
2801
8236
3525
2733
3641
3584
9836
9328
3047
2546
3380
1004
2040
7105
5211
7826
6339
407
2739
4085
8846
1904
9790
624
3856
706
4748
5193
4778
8533
1577
9680
7206
4710
2427
5374
6287
2535
6263
6577
3988
2850
8361
5056
5359
2772
9406
8903
1414
6779
4035
375
7955
2086
7029
1762
505
2456
463
2975
8483
5413
1260
7643
1786
8406
6891
1349
9659
4756
5208
9230
1463
734
1833
5691
4379
7603
2511
329
3840
7624
1744
5310
3531
8652
515
7176
8567
9454
1776
6187
4649
2745
444
6170
1477
4218
7502
4896
8688
5995
2308
9059
8405
9932
5411
3810
725
9775
727
1231
875
3517
6686
2465
3540
7487
1352
8396
3266
347
851
9185
7103
6777
4734
1544
3519
6774
6266
700
5853
9778
2987
2141
6054
1489
2463
8640
9047
5455
2145
9051
1114
8824
7083
1130
8866
4688
7709
4761
3194
8632
6503
7937
3621
6476
3841
302
7385
388
165
7542
4251
6373
7640
2963
7267
7636
1670
1118
2623
2109
7321
3224
2451
7594
8930
1817
282
6092
5028
5872
6548
1127
350
9448
6232
9171
2033
7258
5437
1645
1369
5678
1655
2459
9199
8266
524
9078
3096
2709
1266
5586
6349
6075
100
1486
6762
8938
2025
5052
2656
3533
5543
1199
2687
208
3820
3072
7663
4083
4180
7900
8412
7660
4155
806
9187
955
2048
9028
3375
4114
7020
1806
5896
9877
937
1428
4031
1410
4118
7004
5607
823
7299
3578
2918
9336
7730
4383
1053
1122
2606
292
7366
9079
1256
4507
9300
5545
4468
114
2926
6228
8717
7954
8899
7692
9799
3881
4306
7161
1584
4193
1040
2582
852
5377
8448
4748
90
9285
8126
3459
5856
3067
3605
412
1023
3727
4964
2768
8627
5784
6629
6556
6510
8065
9583
5990
8233
9125
1360
872
1080
1441
6354
6178
8526
1827
8362
2011
281
9719
2214
3884
8101
1218
3171
1
7091
3045
1951
2069
1523
2791
2666
4264
9720
1410
6231
4730
7879
1268
8315
280
1207
3399
4709
9434
7390
8041
7273
7660
6678
5448
7319
834
1555
460
9749
7998
8889
4589
3771
9420
446
5046
4551
2741
2478
3835
760
1285
7767
7841
1307
3800
7985
2174
4754
2099
4417
3622
6106
715
3202
8233
4778
5008
8457
681
6680
1269
8059
6306
8978
5726
698
734
5823
5192
1646
9518
2461
8849
7568
488
3956
9504
3209
5900
8532
7907
4757
4101
3195
9326
693
1276
1293
5675
462
5967
261
537
6146
6587
4921
5409
6860
5507
4659
8986
6024
5793
1949
1034
709
4850
5124
358
6278
1911
8418
9887
6338
3574
5073
1692
8302
7011
5812
9691
282
6246
4364
7815
5269
8389
4571
6376
2945
2693
1976
6822
4775
5578
1032
8799
8301
9190
4145
9613
5997
4226
2536
2610
659
1571
1037
9233
3505
3573
8935
6654
2724
4486
2421
9421
4318
6223
1928
5735
3946
390
3511
3509
9414
5855
8783
6935
8936
6355
8069
6945
47
306
3305
1317
2706
2926
8158
8136
1756
108
4167
1445
1415
7858
2730
6347
3769
2297
1184
7232
2332
244
3861
9386
6953
8558
4277
4947
291
3876
3562
772
7374
9692
5146
9557
5472
4418
2418
2424
448
1367
55
8262
8743
6202
7113
1152
2341
2967
4616
8340
8869
6046
2369
9656
9303
8804
9359
6604
4251
9304
1751
9166
5951
2472
2725
2652
2003
2389
9896
3284
4044
9610
3579
5732
570
1050
1230
8428
5527
8748
8760
2422
7780
970
3463
598
1367
774
3930
2918
3114
9621
9370
1722
6414
9397
9565
8128
3780
3764
4800
3344
3944
200
4371
4436
7418
8615
3608
2051
3181
6374
6053
640
9460
9410
8309
82
278
6981
2075
3
8019
4465
6006
630
5502
7811
9001
1350
2272
2349
7323
3905
3743
2302
2650
1714
2178
9352
2664
348
9549
2799
8495
526
665
141
172
4173
298
247
5432
30
2420
1349
8681
1730
7326
5575
4565
5342
8833
816
7212
4058
615
5062
9903
3880
8355
665
4697
5286
9784
8987
9869
2815
6055
6499
1531
5226
1329
8006
8721
9942
847
639
2356
4819
6040
6999
6617
8055
516
8070
5250
5888
8411
1149
4562
9143
9801
2412
6908
1419
2671
5905
9061
4331
9234
181
8297
7872
1131
1512
5515
8950
395
9529
9471
7126
519
6739
850
3660
6767
3083
9393
9281
8396
2834
9419
868
7463
8086
1349
980
1064
6971
301
2292
1997
210
173
2881
4293
6361
3809
9541
9421
3923
8140
1888
1828
4040
1555
4978
9491
7958
5938
210
6134
7814
6736
6711
6946
8138
6578
4280
9350
738
2325
8080
640
527
9352
7517
9244
5005
5995
5140
1791
7508
9877
7499
313
2835
2191
1305
8572
5941
892
6387
2505
9
2290
5875
3973
1696
612
8739
7810
6727
3365
8415
4612
2344
4368
1513
1352
8859
8611
5407
1909
9598
988
5716
5369
2166
9334
816
2088
1007
680
5511
2532
7530
4708
7088
2288
6368
131
7092
5056
130
3215
8180
6930
2372
1004
2968
5398
840
9493
1286
9026
1805
450
9509
2510
6331
7093
2153
511
5015
6725
7002
8864
5247
8773
2012
5720
8310
6212
7393
491
8261
3269
7353
325
3382
2509
7285
995
2736
1118
5720
6714
855
2400
8412
9931
2099
7013
5745
4340
4570
2760
1485
798
1959
3890
2500
914
2776
3534
2346
6812
5428
4387
8761
3063
557
5577
6375
2822
6486
85
6400
1489
2094
5184
5801
3400
5521
5816
634
8676
3260
8355
2992
4325
4361
3681
3465
599
9608
5952
7143
9987
3486
3016
9825
7505
2633
4003
1511
8412
112
9664
7893
95
2453
166
4303
1241
1934
4830
973
348
5004
70
4486
2458
877
9216
218
2804
1421
2296
7793
103
2780
5990
7910
4538
6515
5331
92
1026
3056
7406
7786
4403
1334
9238
3963
1693
3928
4342
5894
830
9726
2096
2404
2546
901
1400
238
9254
8625
9103
1616
2718
7902
5350
1912
5081
7798
9614
3242
3674
4792
3185
2516
4512
5587
6661
159
8867
7089
2998
877
434
4465
9070
9178
7439
1608
2671
8023
3877
6807
7455
149
2304
2712
4733
4092
5016
2260
1326
4071
7518
9817
5878
9982
826
1298
2267
2502
806
1633
8298
5820
4423
5168
4404
1466
4990
539
99
487
7640
2674
2949
1982
505
5450
2444
3751
896
2824
2052
647
5438
7534
1172
9758
1645
6091
8594
899
6191
5428
9801
8126
4842
5538
5304
5501
8236
7257
4055
9617
7978
4013
7364
111
2190
8326
8100
2630
6983
1110
8060
1412
3264
2348
5805
972
1687
472
8196
2284
6254
6251
490
1784
2136
6487
193
6131
4419
894
2392
6383
1932
5222
6471
8176
178
5278
8095
7398
8930
6068
710
5770
2978
5013
666
6933
5172
1941
9927
720
8874
4316
3585
158
5261
560
6918
1553
3020
2319
9003
1496
7090
1323
8610
7041
4372
7776
8841
146
1636
9310
5025
2410
3193
8292
7061
375
7749
9466
671
5228
6655
5204
5654
9347
6179
7198
1012
6201
1410
5656
1733
9126
559
3079
3791
476
2563
137
6234
9717
7396
1498
79
1553
2590
6489
2768
6341
6050
2584
4376
6837
3528
5350
6391
2897
4351
1317
1245
1688
7437
8348
4583
6192
5936
5793
5612
8931
1595
1110
4498
3844
3439
8858
538
57
3690
2381
1921
1892
3595
1696
2244
3307
8352
2162
6843
4501
321
950
5849
4033
5440
2035
108
2111
1072
7974
153
6492
23
9387
9508
4032
9632
6151
2871
8485
2908
5331
4357
250
6063
8461
849
6766
4781
3053
329
6062
994
2175
3910
2180
4401
8422
3544
9163
587
1405
8811
3860
608
7785
7554
5311
7940
4012
2452
764
2672
1975
9487
569
9993
6180
6533
9014
1336
5919
9941
8608
6553
834
9588
8639
3474
2834
4068
6052
2292
1673
7961
6968
117
9571
8681
3071
6629
1260
1280
8013
7999
851
7491
2227
5413
6483
4418
981
9238
9042
959
7100
3211
7667
4470
3231
2289
5061
159
4596
7475
2202
9292
1970
4407
2289
5124
2208
4434
9636
967
8296
3285
1104
5935
3504
3961
3323
1544
3618
1923
9752
1960
9241
8743
6654
1168
1008
4324
7011
9254
5249
3642
1632
7798
3090
2409
5791
4480
9043
2077
1985
6814
4275
4821
6759
9829
9641
8686
2867
419
8866
2974
9222
2286
8704
907
4168
4430
1840
4084
9674
3846
3895
8988
1831
7204
1471
2053
6628
6313
9599
6311
1127
5210
578
5264
2296
7572
1795
6349
7861
5266
1611
798
2144
2267
5490
9667
2566
149
523
8031
4059
452
8621
7899
2662
9199
951
2945
7000
6780
7083
7101
1408
1350
1509
5688
3786
4901
1078
3349
8349
106
6980
2461
2106
4324
483
2674
929
5560
887
7296
269
9272
5688
8758
5651
6350
382
5327
7839
7614
3861
6463
3944
5447
3257
1550
1
7886
3672
1899
846
6751
1200
10000
8460
8936
3055
4196
2871
5365
3106
7735
9920
2497
6776
280
9408
1562
5928
1679
2040
6721
4328
7346
6542
9377
8985
3867
1407
1255
6095
8568
7356
2582
7866
3325
2512
413
7884
2219
2972
2163
1196
8803
3795
4666
7833
1427
2656
8782
889
2025
87
9436
2857
9888
7434
2986
4504
6718
299
1716
6509
2412
6314
794
504
414
8070
3325
4121
128
4271
5893
1627
1252
5316
8307
6065
3091
4385
7940
4679
3728
1275
3241
6338
5217
4196
637
610
8140
2381
4367
7198
5717
1734
630
2174
7700
7101
4991
4363
7416
1587
7254
3494
3328
7125
553
2762
2856
2358
3880
3930
1276
674
9543
267
2826
5984
299
6798
5934
9531
4412
641
9965
1790
6002
4707
7409
3142
6431
5184
7755
3785
9949
9399
5252
7463
3028
9486
6203
7330
8839
2831
2310
1070
6007
9837
3588
9599
7998
7852
3088
4276
4415
8982
4375
3551
4467
8019
901
5420
5520
138
3170
9592
855
7449
9537
2282
5499
7974
1529
1314
6833
8398
4913
8636
2399
7525
6812
1261
9001
1535
8814
7724
5775
3394
7237
333
4488
3829
1256
7
2191
7857
5515
9849
180
1291
8692
8105
1449
6104
8403
6485
704
1460
3477
5688
549
8626
7450
1998
8865
3824
6945
6140
9323
9715
9711
8164
843
7172
2517
478
3375
8708
6916
3077
3905
3204
2087
490
1817
5810
7043
1625
8397
6058
6807
5339
552
5011
3310
3635
2218
8769
2716
906
4394
6774
3320
4743
4306
5815
1235
2802
7350
610
7668
6601
2467
7883
559
3949
9364
4367
9526
9425
7019
7003
673
4430
1757
4810
7807
6057
8518
4925
9175
1525
227
903
5638
8289
4839
4434
2713
1165
1655
6255
617
886
6817
3153
2409
9799
4922
4452
4205
4160
8590
6028
4330
4660
6917
2905
9636
3500
6194
8423
9273
3296
5375
4563
2614
7455
267
3299
7381
9145
1776
2146
642
8507
852
4173
6622
819
4751
4636
2485
1327
169
5601
6352
4074
51
4822
941
232
6561
1356
2148
3230
3279
850
6585
4496
3398
9209
1535
1949
327
7073
6999
6302
667
8980
1677
7308
191
7152
3902
7020
1125
2513
1028
8940
1526
6119
62
9680
5956
9824
3247
5994
5810
7490
7112
333
9223
9423
4812
571
1694
8859
7526
7938
8339
6439
8829
326
938
665
2905
5115
4549
5058
4986
5411
2156
4335
7076
59
7923
1666
1328
6125
580
9771
5020
1447
8203
9732
3936
6915
8573
669
9510
1961
5400
967
5636
6836
6673
1618
9260
6152
8515
2196
602
7142
1378
7976
2696
4162
9554
5879
5446
3594
1263
799
1890
8436
497
8602
8048
1243
4701
9083
752
3573
2364
3737
9088
116
1933
8586
5642
5647
6963
2196
2292
7245
9878
284
4088
2635
9385
5082
2455
1671
8224
917
1911
1988
8626
9759
2448
3697
2341
1873
1259
8668
5972
8336
5652
3265
4654
1762
7277
4834
7336
4041
6097
723
9214
7582
6268
4297
8246
747
7684
2035
2560
1886
3343
3508
8477
9392
497
6772
3749
3220
1377
284
5072
4299
1592
9815
7934
6867
9908
5271
1492
7952
7408
1674
4010
9637
6982
6034
7735
9169
6314
4506
6383
610
47
7974
9780
6069
5020
7061
6116
9968
2502
5294
1421
415
7163
5856
2032
9834
3576
6825
8473
124
9239
2243
8989
4590
7274
2313
2715
9619
8138
2935
6630
2289
7104
5933
8938
5153
3781
1959
5043
5551
820
7198
4656
3213
5552
5282
5886
8316
7141
9126
6318
4940
3998
481
3514
110
1127
1029
5312
6700
2442
774
1617
2155
1939
5145
6779
2620
6287
3668
1829
806
9155
5194
5532
4623
1231
6823
4676
3212
2798
5565
419
5318
2614
8048
2933
7294
9223
9160
2001
3703
7405
1500
2144
3629
4961
4805
9096
1870
1883
6385
5538
9571
22
3830
2369
9203
2299
9059
3796
1517
5620
7187
8397
6917
9856
6282
4641
5564
9310
4720
1041
9250
8874
4965
5786
8094
67
963
9515
2516
2919
8196
7698
6577
2491
8511
7698
3756
9099
2215
863
3592
332
4658
1435
645
9495
4000
3037
3133
6413
614
1426
2715
9510
7051
6839
6868
2656
2942
2467
3925
2529
2576
6074
8633
4598
4291
1982
398
8658
1323
402
1044
6548
4254
7630
9740
2962
171
1029
456
7338
5008
6968
2294
4715
6392
3659
2113
1290
9211
1818
3282
6866
205
4692
8484
9806
5548
915
7313
2387
7217
1832
961
2267
6115
2743
6553
6634
8119
1671
8474
1546
8480
2973
652
95
481
1703
6446
6095
8819
4825
5432
2850
3194
9023
5170
9419
312
4958
1750
1939
7242
6479
6649
6164
7056
5151
3570
3902
5324
658
5668
78
4702
7306
2500
5593
4241
9377
545
7664
8552
8223
3588
6784
6583
4077
7668
4677
2626
7528
773
9746
3799
8534
9388
851
5431
3956
1571
1066
4807
8594
1629
7367
5301
9406
4264
5181
9074
4062
2714
7377
8890
1370
7164
2645
2235
6076
2182
2390
5416
5831
1667
6491
7462
9394
4051
8036
551
7410
3711
4950
2553
4823
8673
5143
2929
9670
2072
5639
1605
7960
1795
3365
5305
2095
5684
2260
6957
1650
3272
5859
5144
950
1199
3648
5028
2299
9244
328
6042
8029
1006
2065
2710
7112
2784
9728
2038
730
1341
3813
3841
2304
5344
751
6535
8548
2448
79
5645
3859
5156
1991
6721
9163
8447
8877
1567
8510
2167
3885
1404
2181
1985
7007
5201
2089
3903
3490
2098
8305
8402
1240
1868
2310
4890
3209
384
6540
2622
4552
2272
3415
2739
9782
712
2145
2037
5940
3136
6657
2968
2715
4122
423
8499
5922
9908
8017
5841
4276
2378
5765
305
4517
5426
6701
7435
6445
3552
8095
9215
8880
794
8353
912
5667
1145
4995
8249
5983
7876
6
2969
5845
1478
783
8623
4173
8418
300
1905
3116
9210
9172
6291
7380
9549
2144
1316
4539
227
4139
2787
6713
9518
828
849
3722
1411
2478
9891
6306
6409
6350
6179
9458
4978
5486
5341
7088
2719
5125
5023
389
9048
2551
23
1902
3695
1965
8669
6435
3219
7464
1589
23
5301
937
5504
6932
8379
9219
6747
6989
7415
6867
2615
1090
6622
4017
8469
641
1290
2263
8544
341
8776
939
9390
8813
5555
7831
942
2873
2983
7137
8588
7307
4198
6555
7987
8684
3409
5808
676
8764
8165
4895
2566
4145
686
1121
5659
7033
4345
9006
898
1283
9401
3265
9686
3242
3400
9004
3115
9906
8897
1482
7129
5064
2109
1267
8799
3540
1347
9717
4110
7324
4019
2336
1128
7532
3984
3882
2686
3003
2040
8131
8831
5110
8727
9489
6538
8016
1239
215
5777
3235
6314
170
6023
982
3238
2782
361
2968
5293
9486
3365
4962
1739
1902
155
1216
8712
1785
7217
287
8932
7804
6590
3201
1570
5411
421
4943
1544
4525
7477
2819
8201
210
5004
5005
9958
9561
3557
9842
357
6853
6831
8301
6506
2271
2743
4190
891
5837
2282
2462
9393
4738
7736
9010
7293
1820
2390
5653
9600
5048
7359
4137
7117
7256
8395
2630
122
2418
2913
756
8190
5734
995
6432
6071
3844
9219
1711
4178
1781
6149
1960
2937
5599
5914
5935
7247
8057
7752
547
9573
839
6734
6002
1921
103
123
1132
1043
4289
2186
1401
7131
2267
2649
3313
9244
6040
6710
57
7769
4624
9050
8031
2824
672
2199
7293
7051
1848
1300
4683
1720
578
9986
1023
6725
7396
2282
5307
5148
2196
234
7924
720
9345
4932
2973
4767
5321
2705
1515
1998
1688
7026
7459
5597
3795
4967
6103
1237
5917
6206
1655
3767
3975
950
4671
1640
1888
7585
2000
3700
6752
1743
7187
1638
2512
4789
4786
6120
710
4994
1158
7928
1485
3155
4240
3975
3068
7392
5497
6195
276
5489
1390
5258
7396
6403
7609
9683
5039
8109
5498
2712
5316
3922
5822
3826
1872
7818
3079
8888
9250
3266
7401
346
9956
8793
1355
2407
1806
2361
3598
2198
7778
5983
2474
3850
7481
833
7176
1407
4429
3303
8003
7440
7645
1230
228
7250
3086
8156
4260
2414
5853
6297
285
638
2040
5043
6818
7335
5796
4658
255
5399
6427
1595
2454
5950
2159
=======
8
6
8
7
9
10
13
18
20
21
20
1
5
17
7
7
9
2
16
12
16
10
20
19
4
1
15
9
7
16
13
14
19
5
19
17
2
19
20
14
5
12
9
2
11
17
11
12
3
9
4
5
9
6
13
16
8
15
20
21
16
16
20
11
21
6
14
12
7
2
15
20
17
15
10
18
12
13
20
5
7
12
16
2
12
10
15
5
13
13
4
19
4
14
18
5
10
1
5
11
5
9
17
18
5
21
9
11
17
2
9
3
1
19
19
10
1
4
20
3
17
17
16
3
18
3
19
20
5
1
17
21
7
11
16
9
20
5
11
19
12
10
8
4
10
14
14
10
5
21
13
14
6
8
10
4
12
13
8
15
2
3
7
14
8
2
10
18
15
17
7
13
6
7
8
1
10
11
2
7
5
20
20
13
1
15
5
2
8
10
11
14
13
16
19
4
3
5
10
21
14
1
5
11
14
13
1
14
13
13
9
1
16
17
20
16
21
18
2
13
17
6
2
19
3
13
6
10
16
14
19
13
19
20
21
1
16
17
15
16
4
2
21
8
5
14
18
19
15
9
8
2
12
20
16
7
14
20
1
9
10
5
15
8
21
18
9
8
2
11
14
8
20
16
5
3
11
19
19
18
6
7
7
13
1
5
6
1
2
12
5
17
19
20
1
17
18
12
4
10
19
11
2
16
20
7
13
6
7
10
8
5
9
21
19
2
3
13
20
11
12
18
9
14
20
15
4
4
17
1
3
21
6
5
2
18
19
20
17
2
13
17
21
3
8
7
19
21
4
6
2
8
18
17
19
3
14
7
16
21
19
18
19
5
15
21
6
20
20
10
12
3
7
9
12
10
7
3
3
20
10
2
5
20
6
3
17
12
16
18
7
21
2
14
6
13
4
19
18
10
8
9
21
11
6
21
6
3
13
19
1
5
17
7
21
7
12
9
8
19
5
11
13
14
12
15
11
21
3
9
11
4
12
2
17
21
12
6
4
12
10
11
1
2
10
10
14
20
9
19
3
13
6
17
11
18
5
19
4
10
7
18
3
8
4
12
9
14
17
19
1
15
16
1
13
8
3
5
20
10
11
6
3
21
8
14
20
20
8
19
15
4
19
13
7
4
6
4
19
7
1
3
4
3
12
7
16
8
10
21
18
15
6
5
15
4
1
18
11
15
14
10
19
13
10
10
15
10
5
11
13
9
9
5
12
14
10
20
13
14
8
7
6
17
15
15
13
18
15
1
2
20
9
21
7
14
21
17
7
2
11
16
3
18
4
18
15
14
19
15
19
21
18
3
2
10
12
21
15
10
2
3
12
13
12
9
8
14
5
2
11
1
5
16
19
1
11
15
14
2
1
9
12
8
1
18
20
10
17
4
3
8
16
11
21
20
21
14
3
4
14
7
9
3
15
20
6
11
17
10
5
20
12
5
13
1
10
5
8
5
13
19
6
1
1
9
7
12
15
11
8
5
3
16
19
19
18
12
1
19
8
6
17
9
20
17
17
4
16
21
16
2
18
14
19
6
6
14
19
2
10
19
17
11
2
21
12
19
3
6
16
2
18
21
1
18
21
20
16
5
18
9
21
13
14
6
1
1
5
9
9
2
10
17
17
2
5
5
13
11
4
20
4
4
9
3
17
5
12
12
1
14
1
6
16
19
11
4
6
9
20
18
14
14
9
7
16
9
17
21
13
20
21
1
7
7
17
21
17
4
10
4
5
4
8
8
15
19
21
1
20
11
6
15
11
20
12
1
5
9
8
9
9
8
5
16
17
18
6
20
2
20
11
6
15
6
5
5
9
7
13
21
11
12
10
1
2
19
10
4
10
16
3
17
15
4
7
7
7
10
9
9
1
11
5
19
3
6
3
8
2
19
15
17
12
19
8
8
20
6
12
3
2
5
15
12
12
3
16
3
6
19
8
7
16
3
6
7
14
3
16
10
18
7
9
21
12
3
1
2
6
17
13
17
1
14
2
15
6
8
8
4
11
3
1
12
14
14
16
10
8
13
1
3
1
16
16
18
20
17
12
10
5
1
6
10
13
9
9
15
3
18
16
6
9
3
11
6
4
3
13
14
7
6
16
6
12
16
9
7
8
18
12
15
11
14
12
20
21
6
21
7
9
11
19
17
12
9
18
21
11
20
21
16
5
14
6
16
3
16
11
1
2
8
9
19
16
18
9
18
17
11
3
19
3
18
14
10
12
3
1
17
13
11
17
8
20
7
5
21
17
4
17
6
11
6
20
18
13
11
19
11
13
8
19
8
16
15
20
10
5
20
5
11
13
18
15
17
13
15
1
14
4
3
21
7
10
1
13
5
21
14
2
18
20
6
10
9
2
4
12
1
14
7
13
2
3
15
3
6
21
15
5
7
21
15
3
16
20
12
7
21
21
3
21
6
8
15
11
7
1
5
7
4
14
5
12
16
13
15
16
2
8
11
8
8
17
17
20
8
18
18
13
7
4
17
18
20
20
15
18
8
3
4
19
2
18
6
9
10
7
6
11
12
19
13
5
15
2
11
2
16
17
1
13
3
5
11
8
9
13
4
21
6
12
7
17
18
2
14
18
12
4
20
12
7
12
16
20
9
20
19
13
14
18
20
11
1
15
16
12
2
12
5
8
6
11
20
7
13
2
12
8
3
13
14
7
14
10
17
20
9
10
5
14
4
13
6
19
17
6
3
3
15
1
17
3
2
13
11
4
21
15
11
4
16
19
11
7
6
18
6
9
2
13
13
1
20
15
14
4
21
8
14
13
2
1
21
20
8
3
21
15
7
5
3
4
9
20
2
6
20
9
7
20
2
6
13
19
11
5
11
18
17
13
7
15
5
8
13
8
3
8
9
4
11
16
19
9
9
10
20
19
19
16
19
10
11
10
21
17
11
10
13
12
16
17
14
7
2
2
5
12
2
14
2
5
14
2
1
4
12
11
13
2
14
13
14
19
15
10
6
7
3
8
12
17
20
17
1
18
14
19
12
1
4
1
17
21
5
9
19
4
20
15
7
17
5
21
13
21
17
14
9
20
4
19
7
7
9
10
1
10
13
5
8
12
11
10
12
10
3
13
14
9
20
18
9
8
4
6
13
11
10
10
4
15
17
5
12
8
13
18
15
21
20
14
12
6
11
14
12
6
19
5
14
1
2
21
14
9
20
5
10
14
10
1
20
14
16
7
2
17
15
14
5
16
2
11
10
21
21
6
13
14
5
12
7
1
16
20
16
1
20
4
15
16
21
7
18
20
7
7
5
17
19
20
3
5
3
13
8
2
11
12
2
5
5
10
16
16
1
5
1
4
9
15
4
16
9
4
3
6
14
2
15
9
8
4
19
4
8
16
14
6
10
15
13
6
6
11
17
1
20
7
21
1
20
7
19
15
18
14
9
21
17
1
20
19
14
12
3
12
5
5
21
20
15
18
1
12
8
1
10
21
19
21
1
10
15
4
4
2
4
17
21
15
15
15
11
14
3
1
8
9
13
4
19
6
7
11
12
8
5
18
1
18
14
2
17
19
9
21
20
16
4
21
3
1
8
7
6
16
19
13
12
17
11
6
2
12
16
21
20
14
13
7
16
11
5
15
2
15
2
20
10
13
3
14
2
4
12
13
2
12
4
2
5
19
4
15
5
7
6
3
4
19
13
6
21
9
5
21
8
6
5
19
11
6
19
15
17
19
18
19
6
2
11
9
21
21
21
11
19
17
3
10
14
16
15
4
12
6
5
4
3
10
19
14
9
19
18
15
9
16
20
12
12
1
4
15
1
7
3
3
4
12
7
18
20
18
14
5
6
19
11
8
11
20
8
3
18
18
17
16
19
18
6
2
3
5
16
16
10
2
10
18
13
19
15
15
11
20
16
6
8
5
12
11
13
21
5
3
13
13
5
21
13
16
5
11
15
3
2
21
12
8
12
12
17
9
13
6
17
6
4
2
16
12
14
17
10
18
16
16
18
1
16
5
20
1
1
10
4
17
20
19
3
1
8
5
16
9
2
18
21
19
11
6
17
9
8
3
19
12
13
13
21
17
16
2
18
12
3
17
12
5
6
6
16
15
4
14
15
6
20
10
16
7
12
5
17
17
14
17
14
19
1
17
18
8
20
13
13
19
1
1
19
18
15
11
2
3
16
9
11
2
15
14
20
3
11
17
5
11
6
9
15
20
4
20
17
12
1
9
10
5
11
6
17
14
10
13
1
18
8
2
19
6
18
11
3
11
14
13
20
21
10
5
9
5
15
21
11
3
4
10
18
18
17
5
9
5
9
6
14
1
14
15
12
1
4
11
15
1
5
10
8
15
19
6
16
14
15
5
11
17
5
15
15
21
6
9
14
9
2
13
17
21
14
21
9
1
3
16
17
10
20
10
19
15
1
5
21
7
9
12
2
2
16
2
8
5
21
8
12
20
13
20
20
11
3
4
15
16
14
5
5
6
3
6
20
8
11
13
12
16
9
16
9
15
4
1
2
11
1
2
21
2
15
18
3
4
13
19
11
19
15
21
8
19
5
18
8
1
11
10
19
17
11
4
1
7
6
5
17
20
12
1
19
20
5
16
8
4
1
4
10
15
7
18
20
17
2
12
3
11
13
20
15
16
2
19
20
19
10
7
9
1
12
16
11
1
17
4
21
20
9
17
10
16
11
20
1
18
2
19
5
9
8
8
7
3
10
14
18
13
6
2
20
1
9
1
5
17
10
16
1
19
14
7
20
21
3
5
7
18
21
14
2
18
12
20
12
5
15
4
18
15
5
21
1
16
16
4
4
19
16
3
9
8
5
1
13
4
8
13
8
21
8
15
14
16
21
18
16
9
16
1
6
4
14
2
20
13
3
9
4
9
20
1
20
5
2
21
13
4
19
6
18
15
3
18
6
4
13
18
19
15
7
20
2
15
10
15
6
19
2
21
16
20
3
15
6
3
3
13
1
17
12
4
4
21
7
5
1
2
20
18
16
19
4
4
7
14
17
9
16
10
18
12
5
3
15
7
18
7
21
13
8
16
2
15
11
11
4
4
1
16
6
9
3
17
2
21
14
8
3
3
3
18
21
19
1
15
13
13
1
9
12
15
13
12
20
20
3
11
11
19
8
7
16
5
16
16
8
15
9
2
15
13
14
5
15
20
20
11
3
19
11
16
20
21
15
2
18
10
13
3
15
15
19
6
12
11
13
2
3
14
18
2
11
5
17
9
4
21
11
18
17
9
19
15
16
5
20
1
6
4
5
13
3
19
2
20
14
18
11
21
11
13
1
3
7
20
12
10
16
21
18
19
7
5
14
7
6
8
8
18
20
17
6
8
18
7
6
20
15
11
13
19
1
12
3
3
15
20
10
6
20
9
7
4
12
15
11
13
3
11
5
14
20
14
8
20
17
12
8
7
13
20
2
8
9
19
11
1
21
19
15
13
14
7
13
16
19
21
7
2
15
20
5
21
21
1
4
9
9
12
10
12
11
19
17
1
17
4
9
16
7
17
18
21
20
19
10
12
10
12
11
18
8
16
18
15
1
19
4
19
20
2
7
7
14
4
11
2
21
7
5
4
6
13
4
4
4
9
21
17
6
3
3
15
14
12
12
13
14
4
8
8
12
7
13
9
20
4
8
3
6
1
18
12
9
10
15
11
9
5
20
16
20
9
9
7
3
8
9
17
2
13
20
5
20
7
4
18
9
11
7
3
3
16
14
6
1
5
9
8
11
10
8
15
10
18
11
1
7
3
9
7
17
15
18
19
21
20
14
7
17
13
4
10
4
9
2
2
16
15
17
13
2
21
6
3
19
9
12
21
21
9
1
13
6
4
1
4
6
20
2
6
5
16
11
10
9
13
4
9
15
17
19
20
2
20
4
12
12
4
20
16
8
18
14
3
10
13
20
20
21
4
8
5
8
21
4
17
8
13
11
10
21
21
5
1
17
13
8
13
11
4
10
12
10
6
13
2
19
16
12
10
12
9
13
13
14
8
17
9
20
16
14
7
7
8
6
19
15
14
1
20
16
19
19
14
14
10
9
18
17
13
1
8
17
10
17
5
18
15
2
11
21
15
17
17
4
1
19
2
19
19
19
2
13
11
3
5
2
4
10
21
14
20
8
21
1
5
3
4
16
14
13
10
10
12
3
8
6
15
14
16
3
17
1
5
9
1
17
3
20
16
10
1
20
15
20
15
9
7
8
7
4
15
11
20
6
14
8
5
15
21
2
20
16
6
11
1
21
21
19
4
11
4
8
2
1
5
2
9
19
20
9
7
11
20
21
11
7
16
4
13
20
20
21
12
11
6
19
12
5
7
19
3
9
13
18
13
5
16
13
20
15
15
2
2
16
7
18
21
2
3
1
7
6
4
6
17
6
9
16
13
10
1
1
13
12
17
8
18
2
1
2
14
16
21
20
11
17
9
15
5
9
1
6
7
3
7
3
21
16
2
8
5
18
19
3
17
15
3
11
1
17
8
8
10
21
9
1
16
8
10
12
1
2
9
7
13
13
15
18
6
11
8
13
11
7
5
11
8
5
17
7
12
16
16
20
16
1
6
13
2
4
20
14
12
14
21
4
7
11
12
12
10
3
1
7
1
1
16
16
7
10
11
16
19
6
3
19
13
13
9
20
19
4
17
19
9
16
13
2
2
4
6
13
5
8
18
7
12
17
7
21
1
11
15
18
7
9
7
20
1
2
1
4
10
18
9
19
19
19
14
19
12
1
21
9
19
19
6
16
11
8
7
10
8
14
7
4
5
12
16
12
14
7
4
20
14
20
4
4
4
4
2
2
13
10
12
12
16
12
1
16
14
8
21
17
6
11
18
10
3
5
2
9
3
15
17
18
14
1
20
8
14
13
9
7
5
18
12
20
18
2
16
1
11
4
10
8
4
20
13
17
9
11
4
19
10
15
7
14
16
19
10
3
21
4
21
11
19
1
13
19
4
18
19
17
21
19
4
14
18
3
13
9
12
13
15
14
3
1
8
8
18
18
3
1
17
4
1
16
9
6
19
8
9
2
19
14
1
19
8
21
5
19
19
2
15
17
17
17
4
8
21
18
13
10
9
10
17
17
20
12
19
1
12
8
1
11
21
4
4
19
10
20
7
3
2
20
4
15
16
16
8
16
5
12
10
4
18
20
16
14
12
11
6
5
5
10
13
1
6
5
17
21
20
18
3
6
14
8
5
13
5
16
20
6
3
4
6
7
5
1
19
3
4
2
21
17
13
13
4
3
5
21
11
8
19
18
2
19
8
2
6
14
13
12
14
19
3
3
6
11
10
13
18
6
17
4
4
7
12
4
7
11
4
17
8
15
4
17
5
5
21
1
7
7
19
20
10
20
10
5
13
13
6
13
17
11
17
18
21
4
12
14
17
18
17
14
19
10
5
21
4
1
13
8
6
2
6
11
17
3
15
17
4
8
21
8
6
19
21
6
7
4
3
8
9
7
14
13
16
15
12
11
16
19
21
7
12
20
15
16
19
9
2
21
9
16
14
15
14
18
18
9
1
7
1
14
14
19
2
17
21
11
17
19
12
6
15
3
13
17
7
3
2
2
9
9
2
20
12
12
5
14
4
2
4
5
12
16
16
11
16
7
3
20
14
12
11
8
11
16
18
8
6
11
12
4
12
5
4
15
14
13
20
18
21
13
1
2
18
21
3
8
14
7
5
16
16
2
10
10
14
5
19
7
20
11
10
17
19
15
16
7
13
19
18
5
20
15
1
15
4
4
10
9
4
6
11
16
9
3
15
16
19
21
17
13
4
12
7
3
10
16
21
14
20
8
7
18
6
9
18
19
5
12
13
4
7
9
7
7
16
15
4
8
13
5
1
17
2
14
7
4
16
1
12
2
6
14
18
14
19
17
15
14
21
12
12
15
17
2
18
14
5
18
11
9
13
16
1
16
20
2
13
11
19
9
2
21
9
6
6
11
8
6
14
14
16
6
11
20
16
15
19
16
8
4
6
12
2
20
10
18
8
9
18
15
2
12
15
6
11
11
8
21
13
18
19
15
8
13
1
10
6
3
12
16
1
6
11
4
2
11
7
7
15
13
13
13
11
10
10
3
4
15
3
10
5
5
12
7
19
14
1
1
11
10
20
12
9
12
14
6
4
15
8
11
14
1
18
14
6
9
21
9
1
1
11
14
19
2
6
4
20
9
12
7
20
11
7
5
4
4
6
20
11
8
4
17
7
18
15
12
6
21
5
11
6
17
1
3
15
10
4
9
15
7
3
20
7
5
18
9
14
2
17
17
14
16
21
15
2
19
19
9
3
19
17
14
19
18
6
19
21
17
18
1
5
2
15
18
10
7
12
13
4
15
6
3
10
1
6
8
16
2
13
21
3
13
17
5
5
7
17
1
3
10
5
15
15
12
5
12
21
18
14
15
15
15
8
2
19
4
3
15
10
6
17
17
6
17
8
11
13
14
7
9
21
2
1
3
20
14
7
18
12
17
19
10
19
7
12
17
12
16
12
12
11
6
3
2
16
19
18
5
18
18
12
8
15
7
6
17
4
1
14
13
4
19
9
7
5
15
9
7
20
13
4
3
1
9
2
21
13
15
2
11
20
3
15
16
10
10
8
3
21
18
19
7
12
7
4
3
11
18
15
15
19
11
11
17
1
3
16
21
2
15
1
5
17
19
10
8
12
15
3
13
11
12
12
6
4
13
9
21
9
15
20
17
2
2
5
21
9
8
3
10
12
21
15
17
13
21
19
13
14
6
14
19
5
1
15
4
20
15
2
13
1
10
15
8
5
21
15
9
11
3
14
9
14
15
16
20
7
15
11
13
14
1
14
1
17
13
17
13
20
9
12
10
8
4
19
9
10
13
10
12
8
9
20
18
13
3
20
11
18
4
3
11
15
14
12
1
4
6
9
2
9
2
12
20
20
21
1
4
21
5
21
14
7
16
3
7
17
8
2
13
2
7
20
11
5
19
3
5
12
15
9
6
3
8
8
14
2
12
6
12
3
15
9
5
9
20
14
15
17
8
7
10
3
3
4
3
4
13
14
2
11
11
5
3
17
4
20
5
3
10
13
8
10
5
17
19
10
13
7
6
19
19
12
1
7
5
1
9
21
20
19
19
21
19
15
3
15
10
5
19
12
14
8
20
8
8
2
14
17
2
12
4
7
11
4
9
4
20
12
19
10
7
15
8
11
15
10
3
11
12
20
4
16
18
17
20
6
6
12
11
8
8
3
19
2
10
18
10
19
11
9
15
9
2
2
2
13
21
7
17
11
14
16
11
12
3
7
8
11
20
17
9
5
9
21
11
12
4
11
4
3
10
16
8
8
15
1
8
11
6
11
13
1
12
6
3
12
5
18
16
10
1
17
1
18
3
12
7
10
19
19
10
8
1
5
21
19
1
12
17
10
20
15
7
10
11
6
10
20
21
2
14
21
16
8
14
17
9
1
7
6
6
5
17
5
15
12
11
18
2
6
19
7
14
5
12
7
13
17
13
6
2
7
8
2
16
5
17
4
5
5
17
7
19
10
13
15
4
10
18
17
15
7
17
19
18
19
6
19
1
9
18
2
11
11
20
13
19
4
16
19
8
7
21
1
18
13
2
6
5
14
2
20
9
9
15
9
2
17
1
13
2
4
8
15
2
14
7
8
13
19
11
11
1
4
1
3
12
6
9
4
16
3
8
10
10
18
3
6
3
1
11
12
17
3
9
14
5
3
18
18
20
19
13
6
11
19
6
9
6
20
5
14
13
12
20
21
19
6
4
1
17
2
11
10
1
4
13
19
1
17
5
9
4
8
3
8
4
12
13
21
11
18
5
6
4
8
12
14
12
13
7
4
4
19
5
14
11
9
16
1
4
14
18
11
18
2
5
1
20
9
4
10
14
4
3
10
12
4
19
6
21
14
2
1
2
6
10
17
4
10
8
16
8
11
21
10
8
5
21
1
18
10
7
14
13
16
21
2
6
16
18
4
4
4
3
2
19
11
17
16
1
9
8
8
3
16
3
12
16
21
21
10
3
11
10
16
2
2
4
12
10
16
13
13
3
9
9
12
10
21
12
10
20
4
12
7
14
7
3
5
6
21
16
13
13
21
14
18
8
18
6
14
14
13
19
19
14
7
8
12
17
9
19
10
3
8
12
6
4
4
4
18
18
18
1
3
15
19
1
19
17
14
20
5
11
21
21
7
9
1
18
12
13
17
2
7
13
8
9
14
7
13
16
19
2
15
8
1
18
20
14
9
17
14
7
3
7
19
21
6
4
6
8
7
9
11
13
18
18
1
2
17
9
16
9
15
10
4
9
9
18
18
6
8
2
20
19
16
11
15
5
8
21
3
18
6
8
9
13
9
15
8
8
19
15
9
17
16
21
6
7
11
15
5
7
3
10
13
15
17
18
19
1
2
3
20
5
16
15
1
3
20
6
9
7
16
1
2
1
20
5
7
10
19
8
16
4
21
3
21
19
20
15
6
6
16
16
9
13
9
14
13
11
10
6
9
13
14
1
15
4
18
5
13
17
20
9
16
21
13
15
6
3
3
16
17
4
3
15
1
20
16
15
10
9
16
1
5
14
2
4
9
5
21
2
6
18
16
19
11
11
21
20
20
14
4
12
12
4
5
17
17
6
18
17
1
15
7
9
5
12
5
18
11
20
21
4
2
10
13
7
6
2
1
20
14
16
9
2
12
14
2
8
7
18
16
9
19
19
20
16
19
20
6
16
8
10
17
19
15
11
6
18
8
1
14
21
14
8
13
7
12
17
1
7
14
15
21
9
14
16
19
6
4
19
7
8
5
6
7
6
3
13
11
19
20
12
2
2
8
21
9
6
17
9
2
19
9
4
16
16
1
3
21
20
7
14
20
5
12
6
18
10
7
11
10
1
2
3
11
7
14
7
9
13
9
15
14
12
15
10
15
13
17
12
7
6
12
12
17
2
8
18
19
12
3
2
12
15
11
19
10
19
19
1
4
1
7
15
1
8
20
8
15
16
16
12
4
16
14
16
11
21
10
6
19
21
1
9
11
1
5
14
1
10
3
16
11
11
5
9
7
9
14
14
10
12
12
5
16
11
3
7
16
7
14
20
5
13
13
6
6
7
16
13
17
14
7
19
20
6
18
12
10
8
4
12
1
7
18
15
10
14
20
10
21
6
3
4
3
1
14
4
21
18
18
18
4
16
11
2
21
7
14
1
13
12
10
2
1
3
20
5
3
3
8
21
18
20
21
11
7
3
5
16
1
7
6
6
5
15
21
9
20
15
16
10
4
3
11
20
7
16
6
13
15
2
19
20
19
21
8
4
5
5
7
13
8
21
8
15
7
1
19
9
21
13
21
10
20
14
20
2
13
1
3
13
1
1
12
13
4
19
20
13
6
16
21
21
18
17
19
8
6
6
6
18
14
4
17
15
18
16
10
6
19
20
9
9
17
21
17
11
16
8
21
6
14
3
8
18
15
10
12
14
5
10
13
16
13
8
5
15
21
7
3
9
11
15
4
13
12
17
6
6
7
6
13
6
3
10
15
13
19
11
16
15
21
4
4
20
8
1
14
11
20
11
1
16
13
10
2
13
14
10
19
9
21
9
14
2
4
20
8
5
12
19
12
3
18
11
6
1
3
19
16
8
1
1
16
16
11
21
7
20
17
9
14
20
11
15
4
4
12
11
20
18
9
8
4
16
4
14
17
7
20
2
19
9
15
7
20
2
14
2
18
13
14
1
5
11
16
9
18
17
2
11
10
18
11
11
3
14
2
9
20
18
7
21
5
8
8
16
3
20
17
11
7
11
15
12
14
17
3
3
5
3
19
1
12
2
2
18
20
13
8
12
8
17
3
13
19
19
11
1
6
16
19
15
13
21
7
17
16
2
3
19
3
21
17
14
13
1
13
14
5
1
20
12
20
14
5
1
13
4
20
9
2
2
8
3
20
15
16
19
1
4
6
19
18
16
4
4
12
2
5
4
1
10
13
20
10
4
12
12
14
16
18
8
19
11
12
13
14
1
3
2
18
5
14
17
11
8
9
12
2
12
2
20
14
13
12
5
8
11
8
20
4
16
5
4
3
4
18
11
14
3
20
4
10
20
11
8
16
15
12
13
11
12
11
6
11
10
14
3
14
10
3
4
17
9
16
10
16
17
17
9
5
14
6
15
15
5
15
20
5
3
5
6
2
5
3
11
20
20
16
20
3
9
21
5
18
15
21
1
1
5
15
5
14
3
11
14
10
13
20
6
5
2
20
9
5
14
7
12
4
5
9
19
14
11
18
6
14
2
16
19
21
2
7
1
13
3
14
9
1
8
11
20
19
3
17
21
21
19
15
6
1
9
4
20
14
17
10
10
7
10
7
3
21
20
17
2
2
18
11
20
4
6
13
6
5
6
19
6
1
13
10
14
20
21
7
15
10
14
9
9
2
1
11
5
11
5
1
16
2
16
5
15
4
17
9
5
20
3
9
8
10
9
9
21
20
10
19
10
19
9
12
5
19
9
20
12
12
4
9
17
16
20
10
18
21
2
19
10
11
20
3
11
13
21
15
1
9
15
6
21
19
15
13
13
3
13
8
20
10
20
18
6
7
18
10
17
1
1
7
6
3
17
3
18
10
1
2
20
21
12
4
5
2
19
1
2
7
4
1
20
21
14
14
6
7
9
17
3
19
9
17
14
15
11
12
17
21
1
8
1
6
10
5
20
15
7
4
20
8
10
10
16
2
16
18
12
21
5
14
20
21
11
3
17
20
5
20
20
6
6
5
4
16
13
3
4
12
8
6
4
20
16
18
5
19
8
11
9
16
8
13
19
4
13
17
3
9
14
21
1
14
10
21
4
1
5
20
3
15
4
6
20
21
2
19
16
9
21
12
7
3
1
16
15
3
8
12
2
3
20
16
14
5
5
8
9
6
12
13
17
11
16
20
2
8
18
11
11
19
6
21
11
11
2
18
4
11
11
13
12
6
13
4
7
15
15
15
2
3
17
10
9
8
1
6
9
18
9
16
12
13
4
1
17
2
12
17
21
13
4
11
15
3
9
18
12
15
17
18
19
16
8
13
10
16
12
18
14
12
1
8
21
11
14
5
15
18
19
16
4
7
2
15
5
18
13
19
12
5
1
8
7
11
11
20
7
9
12
12
3
7
8
13
16
9
11
15
2
9
8
18
7
19
4
14
14
4
5
17
9
5
10
13
1
13
12
8
11
10
12
14
9
2
15
7
10
14
5
4
17
20
6
13
16
8
18
15
21
9
18
16
2
2
20
11
10
4
3
8
8
8
20
15
7
7
8
13
7
2
9
6
19
4
1
20
20
11
8
11
11
18
8
21
16
2
5
9
8
8
19
2
16
3
9
8
11
1
12
5
13
9
10
6
14
20
21
21
14
5
2
5
9
7
20
18
4
10
13
9
8
15
16
16
18
14
4
16
9
1
13
1
18
6
15
16
6
9
11
8
2
5
8
3
8
1
12
14
10
19
2
14
2
15
6
16
7
18
3
14
1
18
2
13
19
12
17
4
17
20
6
9
8
7
9
8
19
15
4
21
12
4
2
14
14
1
10
12
17
9
10
4
3
1
3
14
3
8
16
3
20
11
15
6
6
12
11
6
3
9
9
15
6
18
9
12
16
2
8
8
4
12
21
11
20
19
15
14
5
9
2
9
2
21
3
4
3
20
16
3
1
5
10
20
1
1
21
5
18
15
6
3
7
9
14
6
5
11
14
17
9
1
2
13
7
6
13
21
6
10
15
2
10
21
13
17
9
8
9
15
6
15
21
6
9
6
8
16
18
18
5
21
12
13
21
16
19
14
3
21
19
11
11
4
12
2
6
13
1
1
2
2
15
12
15
10
1
13
11
8
5
17
17
18
17
11
11
20
8
19
14
6
19
12
7
3
20
6
13
9
17
3
14
6
19
20
19
18
2
17
3
15
21
20
3
13
5
14
5
10
16
13
11
17
12
10
11
4
19
3
13
21
11
8
18
1
8
19
6
6
2
15
17
14
21
9
12
1
8
20
7
17
21
21
1
9
20
11
21
9
5
10
1
16
3
19
3
9
19
8
13
10
4
5
3
3
5
7
1
14
2
6
1
17
15
5
16
21
7
1
1
11
13
18
7
14
17
4
5
13
8
6
13
20
8
13
11
8
10
12
15
2
16
1
11
8
11
13
21
7
3
12
17
8
7
19
6
17
15
17
19
21
20
10
19
10
3
8
11
5
5
8
21
16
17
21
10
20
3
6
17
16
21
7
19
4
10
8
8
5
14
7
8
5
14
13
7
3
2
20
20
1
13
19
6
16
13
19
7
13
18
6
10
13
5
6
13
14
6
13
21
12
14
7
2
9
14
6
14
14
3
3
10
19
4
16
7
1
15
9
17
11
11
14
7
7
1
1
19
6
4
11
8
17
2
14
14
11
18
13
13
5
11
7
1
2
8
18
11
13
8
20
2
21
10
21
10
13
8
16
9
9
14
3
3
6
18
7
11
6
10
18
15
3
8
3
19
7
3
7
11
11
5
19
11
12
13
16
21
6
2
12
21
4
3
1
1
8
21
4
9
12
17
21
14
8
14
21
7
17
9
5
7
2
1
19
1
1
13
18
18
21
4
15
3
17
21
13
15
1
21
20
3
1
1
11
14
14
12
10
21
11
15
10
10
20
21
18
2
19
9
7
21
7
10
12
17
8
2
6
14
3
1
11
12
11
21
21
4
14
21
6
12
15
18
16
15
11
19
8
19
3
5
21
11
6
13
21
14
4
10
18
1
15
3
7
11
8
4
11
9
6
5
7
19
18
5
20
5
16
11
5
18
10
14
14
17
4
11
1
20
2
1
20
15
20
19
18
7
2
7
18
3
12
5
7
2
1
2
15
11
12
5
11
18
15
8
6
7
10
14
1
19
18
10
14
6
9
4
19
7
4
15
7
17
12
8
13
1
15
3
19
11
18
11
18
1
21
16
10
18
1
13
13
4
2
21
13
3
14
1
7
21
18
12
15
18
16
3
3
2
16
15
21
5
17
10
12
9
19
1
1
11
3
3
21
5
10
3
3
10
18
9
5
5
15
19
5
19
19
6
5
13
1
9
20
18
18
21
18
19
9
17
1
4
8
15
2
7
13
1
8
15
1
11
11
20
5
15
11
13
7
7
11
14
14
4
8
7
21
12
12
19
8
18
5
4
12
4
8
1
1
11
2
15
21
8
1
11
7
19
3
11
18
5
9
2
20
13
11
8
3
1
8
1
20
10
9
14
4
2
21
19
18
16
17
20
14
4
5
10
11
13
7
5
10
20
12
11
20
17
12
19
16
12
17
6
17
17
12
17
17
2
17
18
14
14
7
14
9
2
18
15
12
3
2
11
19
2
19
17
8
16
2
5
4
5
17
19
14
7
13
14
16
1
20
18
4
18
8
21
5
9
10
2
8
13
16
9
13
20
11
14
8
17
20
3
15
2
13
16
4
15
15
20
5
1
4
11
19
18
5
12
4
1
20
2
16
18
6
18
10
4
16
21
7
19
15
6
15
11
12
20
5
13
21
8
19
3
18
11
18
4
11
18
16
20
14
15
14
6
9
9
17
15
2
12
8
8
11
11
5
15
19
7
1
8
16
2
19
7
7
18
18
1
2
3
14
7
5
2
4
15
18
3
13
9
9
13
14
8
2
11
4
11
17
4
17
12
17
3
18
10
17
9
6
13
5
8
13
6
21
17
15
12
3
15
20
1
5
19
15
1
16
19
19
14
6
13
6
2
16
17
14
5
18
13
9
21
8
4
7
1
15
14
2
20
15
15
19
12
9
18
4
3
1
20
17
5
3
1
4
11
10
21
15
7
17
7
19
10
16
3
18
3
4
17
2
4
6
10
3
19
8
17
19
13
7
11
3
10
10
18
3
10
13
10
19
15
17
21
5
5
20
1
15
13
20
4
20
5
1
3
6
3
1
16
2
6
3
8
19
11
12
21
2
9
6
3
5
20
15
6
14
9
17
16
2
3
11
4
1
9
7
21
18
14
9
10
7
12
15
3
11
8
7
18
6
10
15
19
3
6
20
12
17
19
5
5
20
8
18
15
17
17
14
7
4
1
10
8
3
1
14
8
8
13
13
3
8
7
15
2
16
13
9
21
3
3
5
13
19
3
1
20
19
16
15
10
21
14
8
18
19
10
5
11
12
4
8
9
15
18
12
19
15
10
17
20
20
14
18
7
10
10
4
13
1
17
18
9
18
9
11
13
3
6
8
12
11
13
9
10
13
6
4
5
14
16
18
17
15
21
3
17
19
14
20
11
4
19
18
6
9
1
6
17
2
20
3
15
3
13
10
2
12
1
10
1
7
14
20
16
14
10
14
9
20
17
3
15
9
12
19
9
17
17
5
1
11
14
12
19
9
4
17
13
13
10
7
19
5
12
9
3
9
14
17
20
3
5
18
10
15
5
8
14
15
7
2
1
12
6
10
18
1
6
5
12
21
17
1
4
7
13
19
3
12
18
8
16
19
21
6
14
2
16
10
10
20
16
4
15
9
17
1
8
12
9
7
3
11
13
4
8
11
2
2
13
7
3
6
5
3
3
15
11
20
8
2
16
13
3
21
2
11
3
19
5
11
5
10
7
21
1
16
21
6
19
21
15
16
9
7
16
1
21
7
8
11
3
11
20
14
11
1
16
3
17
2
11
14
18
10
17
12
16
19
4
3
12
16
17
13
14
19
15
12
9
9
20
14
20
11
13
19
10
19
12
2
21
18
21
15
9
18
21
3
10
17
1
15
16
13
9
1
17
3
6
18
9
1
5
6
9
19
9
18
1
12
18
8
14
1
4
6
1
4
7
10
17
4
12
2
21
20
9
7
20
4
8
21
1
16
7
17
14
19
3
1
13
11
18
13
2
7
10
18
11
9
19
21
17
13
10
11
16
21
13
19
17
10
14
20
12
14
19
11
9
14
10
9
7
2
9
8
15
18
21
11
13
20
17
3
8
1
5
14
8
4
20
21
9
9
17
9
8
4
1
10
19
17
9
11
3
20
4
3
3
2
11
18
5
18
16
16
18
16
7
5
10
5
21
16
12
14
20
7
4
2
4
13
12
12
14
15
11
4
8
8
11
21
6
8
2
4
16
3
13
11
21
20
5
2
3
11
10
13
2
20
21
8
10
17
9
18
1
15
8
10
4
20
15
9
20
14
3
8
13
18
10
1
17
4
7
16
19
5
2
3
10
5
2
21
19
1
9
15
7
1
5
10
6
13
8
11
12
21
11
1
11
19
6
11
3
13
17
7
8
4
11
3
15
17
3
1
4
14
1
17
7
5
10
11
20
4
2
13
11
6
11
21
11
6
3
17
16
2
1
4
3
1
1
10
9
5
7
5
10
4
6
19
20
2
8
9
12
20
13
14
1
6
1
14
10
9
3
21
12
1
16
12
20
21
20
21
7
18
4
8
15
11
6
21
5
5
5
10
15
1
15
19
19
20
20
1
5
12
2
12
2
21
9
21
15
15
18
4
4
8
10
17
10
9
15
6
1
8
11
19
9
17
4
1
7
12
15
15
9
16
2
20
5
13
7
14
10
9
5
19
14
9
1
3
13
18
12
3
9
9
10
16
16
9
14
17
12
10
16
16
15
16
11
16
16
18
19
12
19
1
7
8
3
16
7
17
17
20
14
20
17
11
20
14
2
17
10
4
20
14
19
21
11
15
4
4
21
18
3
2
19
3
16
10
10
7
1
13
1
19
11
5
10
6
1
10
15
15
5
13
2
11
19
6
10
9
3
19
2
9
1
17
9
17
14
1
18
8
5
20
2
14
11
6
9
9
17
12
13
5
6
21
16
12
20
15
9
10
5
10
2
4
17
10
1
16
12
7
18
19
10
2
3
7
1
18
20
3
11
10
12
13
10
4
7
11
9
15
8
19
7
3
7
8
15
3
6
5
19
16
18
21
10
18
2
7
19
6
3
3
19
2
10
13
9
11
5
3
10
21
3
17
10
19
14
20
8
6
2
11
6
7
17
17
1
2
13
17
3
7
15
10
1
21
4
17
18
18
2
12
5
21
19
12
18
10
1
15
14
18
20
2
11
4
19
11
10
3
2
10
19
19
18
3
8
4
15
10
14
11
19
11
2
6
4
16
11
16
13
17
9
14
10
16
7
2
21
11
14
21
11
7
21
10
19
9
17
13
16
14
21
6
20
4
12
16
2
19
11
10
5
10
9
19
13
16
20
10
12
21
2
11
21
1
19
18
17
6
16
1
3
5
18
21
16
8
16
7
7
11
20
16
12
15
3
7
17
7
2
4
8
12
11
4
15
7
18
5
4
16
9
6
13
5
8
3
18
1
6
18
2
3
16
13
10
21
7
14
3
13
10
4
9
13
18
13
4
14
16
15
8
20
14
8
7
19
19
14
13
11
2
15
20
5
19
16
5
18
14
3
13
1
12
12
19
16
11
18
13
6
21
21
14
14
2
15
19
19
15
15
18
13
21
6
1
13
18
9
5
15
11
10
15
13
12
9
21
4
19
2
6
21
17
18
17
11
6
3
1
7
12
16
3
6
19
7
8
20
15
20
4
4
13
6
5
5
8
19
18
16
12
13
8
6
2
10
5
14
7
15
2
21
4
14
3
13
7
13
10
6
10
11
7
1
10
9
4
13
11
3
14
6
2
12
17
21
7
12
12
17
19
11
13
4
5
18
19
11
21
15
20
3
3
5
13
9
21
20
21
6
17
10
11
21
13
14
13
12
9
4
20
18
17
16
21
7
20
16
10
4
9
9
21
14
11
6
12
8
4
14
18
3
1
9
11
7
17
12
7
14
11
21
15
21
6
18
9
10
9
8
12
19
3
18
10
8
4
1
16
9
1
7
19
21
3
20
8
3
10
13
10
8
7
13
7
20
15
8
9
8
19
18
19
16
18
6
1
11
19
17
17
3
10
20
8
2
18
3
7
14
1
6
8
13
8
5
17
2
13
2
7
15
17
5
14
2
9
8
19
8
4
15
11
16
5
10
9
10
18
10
15
17
17
8
4
8
13
19
13
1
16
15
16
15
8
13
18
15
16
14
10
13
12
10
12
19
10
8
12
8
7
3
21
18
18
19
12
7
10
14
18
19
15
20
5
12
16
11
6
14
14
15
9
18
8
11
10
10
21
19
14
14
12
4
14
11
16
14
8
17
5
16
17
8
11
10
7
17
4
11
14
20
3
12
2
17
13
19
14
11
16
10
10
15
2
19
20
14
1
3
5
10
9
5
14
16
2
20
13
6
14
6
17
21
12
7
9
20
21
9
20
11
18
19
3
2
13
4
8
5
16
15
7
14
17
12
6
21
15
15
15
13
21
7
10
7
20
19
12
14
4
9
1
20
15
13
13
5
15
3
1
17
11
2
13
15
12
7
6
17
7
1
11
12
1
3
14
11
11
12
17
19
8
2
7
21
4
18
5
6
1
3
16
17
4
17
16
15
8
10
11
11
6
1
2
7
1
3
16
5
17
21
10
11
9
12
4
20
5
18
19
1
13
11
5
7
15
13
17
14
11
1
20
6
14
16
20
3
14
19
15
18
16
7
21
10
9
13
18
1
14
6
12
2
9
21
13
15
12
11
9
11
20
8
16
8
11
11
13
13
18
15
2
18
6
8
11
18
10
8
21
15
19
13
15
13
12
3
8
19
10
21
7
19
9
18
11
21
1
8
10
4
4
2
1
3
19
14
4
10
13
15
16
10
19
19
7
19
15
3
12
10
16
16
3
5
16
14
20
17
13
16
20
18
21
20
13
14
2
12
2
19
9
14
10
3
1
19
15
21
19
8
1
11
5
10
13
16
18
5
21
9
4
18
16
9
5
21
3
3
16
4
20
6
2
4
18
18
9
10
8
9
16
1
15
21
1
13
18
10
9
21
10
13
4
2
3
21
3
14
20
15
20
10
17
10
19
13
15
9
4
1
9
21
10
21
9
6
4
20
12
16
6
17
9
2
12
2
4
16
12
21
7
7
2
3
3
16
2
19
4
10
3
4
16
5
10
6
11
2
5
2
11
13
5
6
10
13
10
14
5
19
10
6
14
5
11
11
8
6
6
10
14
11
4
6
10
3
11
6
8
9
4
5
8
17
4
1
12
12
17
11
19
15
21
1
15
1
12
4
20
17
14
14
1
14
19
3
19
14
4
17
18
6
5
8
21
18
1
15
19
17
3
19
5
12
1
9
11
5
20
1
2
6
16
5
3
12
7
21
20
15
1
10
12
1
5
15
10
1
8
17
7
2
16
5
18
10
8
3
8
10
8
11
2
15
12
16
5
16
2
16
12
14
16
7
6
9
21
2
14
13
1
9
14
19
2
13
3
13
19
17
20
6
2
15
8
19
10
6
6
1
14
20
5
18
11
21
10
17
19
20
6
21
13
20
8
4
13
3
6
2
19
19
15
7
1
1
11
8
16
20
3
4
19
17
10
16
7
20
16
14
2
13
18
18
18
4
5
3
13
7
6
6
7
20
16
11
4
15
2
13
10
14
14
8
16
12
1
10
9
15
6
8
15
1
12
20
20
15
1
6
18
8
21
16
3
16
19
11
21
13
2
5
20
20
3
5
16
4
3
16
10
17
15
11
18
10
14
16
9
9
10
10
16
5
19
18
9
17
12
14
16
9
12
16
16
16
21
19
12
20
15
13
10
1
18
20
13
12
12
20
19
10
5
1
7
6
4
16
19
7
18
17
12
12
16
2
13
18
19
1
5
15
9
1
4
12
18
4
21
7
4
3
13
16
12
2
15
15
14
14
7
3
19
9
1
11
4
9
6
13
16
18
19
6
8
11
2
6
20
1
3
7
4
15
1
7
10
7
15
5
13
4
16
9
5
5
5
20
4
16
7
10
12
5
10
15
20
15
15
14
15
3
6
19
7
19
20
9
3
16
1
12
7
1
18
14
11
10
19
1
2
8
15
14
7
10
12
2
21
21
14
3
21
14
5
19
16
14
3
12
17
8
3
10
5
6
11
12
7
7
12
3
4
7
12
2
5
10
4
9
15
17
3
2
20
7
20
19
3
15
3
19
2
18
12
5
19
17
16
13
18
5
15
8
15
11
21
4
3
8
1
19
15
17
14
3
11
16
7
4
17
16
4
2
4
21
5
15
16
9
18
3
4
1
13
21
13
11
8
18
13
7
13
14
3
13
20
3
21
17
12
7
13
2
20
10
2
2
11
9
18
3
20
3
21
7
17
19
8
5
1
11
13
20
14
16
4
19
18
9
2
20
19
3
11
6
14
21
5
21
8
6
14
12
20
16
16
20
19
1
8
8
8
1
9
6
7
16
15
5
16
20
14
19
21
14
14
17
20
14
14
17
12
16
17
8
10
15
3
4
9
9
14
18
9
3
14
14
7
10
17
5
12
5
8
7
5
5
20
12
17
12
19
9
16
7
3
5
15
14
18
12
13
8
13
1
6
18
7
13
16
19
13
7
2
7
15
15
1
16
16
17
8
18
19
18
3
2
14
11
5
9
8
9
10
12
5
2
5
6
1
16
1
3
16
3
14
16
14
7
9
20
14
16
18
13
16
8
13
3
7
6
6
17
3
21
6
6
4
19
13
16
16
20
8
5
7
16
7
3
10
14
16
18
2
10
14
2
10
19
17
4
10
21
9
5
19
19
12
17
19
6
3
15
13
11
12
17
21
13
8
2
6
11
3
20
21
16
1
15
21
19
12
9
4
8
9
7
4
5
9
7
4
11
4
11
1
15
3
5
20
17
4
16
15
3
4
7
11
8
1
3
3
3
13
5
11
3
2
15
20
7
16
5
15
17
2
7
8
21
5
5
2
19
4
14
15
1
18
12
3
20
3
4
9
8
1
1
16
19
10
17
13
16
20
12
11
14
21
14
12
8
7
5
6
11
7
4
3
14
15
21
9
1
4
10
11
19
20
11
9
11
7
5
19
12
1
14
2
7
9
6
7
5
15
3
18
16
16
5
11
19
11
20
1
11
17
6
13
5
12
4
14
16
14
10
8
5
21
7
8
15
9
15
18
13
11
17
5
7
20
20
3
17
14
7
12
6
17
9
13
16
18
10
8
6
11
3
11
21
3
19
17
4
12
18
17
8
11
8
12
16
2
4
12
12
9
21
10
5
6
19
13
8
21
10
16
5
7
8
21
14
19
2
18
13
15
2
16
1
16
15
1
6
6
20
17
8
18
15
18
17
9
17
18
21
6
19
19
16
21
13
8
16
12
11
12
16
16
10
9
3
15
2
12
17
10
2
16
13
7
19
9
11
10
3
5
11
16
14
14
18
10
13
6
7
12
1
6
13
9
3
2
17
20
1
4
17
19
9
20
20
11
11
8
10
11
14
20
16
5
21
5
20
9
19
12
20
14
19
9
16
8
2
20
4
10
2
17
3
7
1
4
5
1
4
13
15
2
9
5
19
8
7
8
21
20
15
18
14
11
12
7
17
16
13
15
8
2
11
19
10
17
20
14
21
11
6
4
12
8
8
7
20
20
1
13
19
18
14
19
16
12
6
10
2
2
4
14
7
15
2
5
4
4
21
3
3
18
3
19
4
5
>>>>>>> 1271328 (Fix: segfault on ctr+ c/d)

